字	频数	百分比	累计
，	5026	3.91	3.91
的	3722	2.90	6.81
牛	3079	2.40	9.21
蒙	2630	2.05	11.25
。	2579	2.01	13.26
|	2020	1.57	14.83
是	1588	1.24	16.07
不	1583	1.23	17.30
了	1545	1.20	18.50
 	1374	1.07	19.57
一	1248	0.97	20.55
！	1243	0.97	21.51
我	1089	0.85	22.36
有	 833	0.65	23.01
、	 827	0.64	23.65
喝	 786	0.61	24.26
奶	 774	0.60	24.87
在	 720	0.56	25.43
0	 662	0.52	25.94
好	 644	0.50	26.44
国	 610	0.47	26.92
中	 607	0.47	27.39
人	 605	0.47	27.86
为	 587	0.46	28.32
这	 574	0.45	28.77
1	 545	0.42	29.19
个	 511	0.40	29.59
还	 499	0.39	29.98
大	 480	0.37	30.35
和	 477	0.37	30.72
就	 467	0.36	31.09
年	 448	0.35	31.43
以	 441	0.34	31.78
来	 411	0.32	32.10
也	 394	0.31	32.40
2	 388	0.30	32.71
上	 384	0.30	33.01
多	 379	0.30	33.30
能	 377	0.29	33.59
.	 376	0.29	33.89
你	 369	0.29	34.17
制	 362	0.28	34.46
要	 360	0.28	34.74
心	 358	0.28	35.01
用	 357	0.28	35.29
？	 355	0.28	35.57
业	 348	0.27	35.84
品	 346	0.27	36.11
天	 345	0.27	36.38
到	 341	0.27	36.64
发	 336	0.26	36.90
很	 332	0.26	37.16
买	 332	0.26	37.42
利	 330	0.26	37.68
出	 329	0.26	37.93
机	 329	0.26	38.19
么	 328	0.26	38.45
最	 327	0.25	38.70
产	 321	0.25	38.95
生	 316	0.25	39.20
都	 312	0.24	39.44
酸	 307	0.24	39.68
于	 303	0.24	39.91
真	 299	0.23	40.15
可	 299	0.23	40.38
啊	 294	0.23	40.61
家	 291	0.23	40.83
…	 291	0.23	41.06
”	 288	0.22	41.29
“	 282	0.22	41.50
9	 281	0.22	41.72
会	 278	0.22	41.94
后	 274	0.21	42.15
3	 270	0.21	42.36
自	 264	0.21	42.57
们	 263	0.20	42.77
~	 263	0.20	42.98
新	 259	0.20	43.18
没	 257	0.20	43.38
时	 254	0.20	43.58
现	 253	0.20	43.77
道	 251	0.20	43.97
子	 251	0.20	44.17
成	 246	0.19	44.36
对	 242	0.19	44.55
伊	 242	0.19	44.73
i	 241	0.19	44.92
日	 239	0.19	45.11
说	 238	0.19	45.29
吃	 237	0.18	45.48
看	 235	0.18	45.66
过	 232	0.18	45.84
动	 230	0.18	46.02
得	 226	0.18	46.20
全	 225	0.18	46.37
公	 224	0.17	46.54
o	 217	0.17	46.71
作	 216	0.17	46.88
下	 215	0.17	47.05
装	 214	0.17	47.22
无	 212	0.17	47.38
地	 210	0.16	47.54
爱	 209	0.16	47.71
点	 207	0.16	47.87
电	 206	0.16	48.03
抵	 204	0.16	48.19
喜	 203	0.16	48.35
种	 202	0.16	48.50
e	 202	0.16	48.66
小	 199	0.15	48.81
哈	 197	0.15	48.97
行	 196	0.15	49.12
n	 195	0.15	49.27
5	 194	0.15	49.42
太	 193	0.15	49.57
明	 189	0.15	49.72
8	 186	0.14	49.87
想	 185	0.14	50.01
经	 184	0.14	50.15
欢	 184	0.14	50.30
感	 183	0.14	50.44
次	 183	0.14	50.58
高	 182	0.14	50.72
面	 181	0.14	50.86
起	 181	0.14	51.00
6	 179	0.14	51.14
企	 179	0.14	51.28
之	 179	0.14	51.42
C	 178	0.14	51.56
然	 176	0.14	51.70
味	 175	0.14	51.83
三	 175	0.14	51.97
力	 175	0.14	52.11
那	 174	0.14	52.24
进	 173	0.13	52.38
等	 172	0.13	52.51
去	 172	0.13	52.64
工	 170	0.13	52.78
而	 170	0.13	52.91
开	 169	0.13	53.04
理	 169	0.13	53.17
果	 168	0.13	53.30
事	 167	0.13	53.43
前	 167	0.13	53.56
a	 166	0.13	53.69
M	 166	0.13	53.82
名	 165	0.13	53.95
s	 164	0.13	54.08
4	 163	0.13	54.20
车	 163	0.13	54.33
t	 163	0.13	54.46
被	 162	0.13	54.58
代	 161	0.13	54.71
A	 161	0.13	54.84
战	 160	0.12	54.96
（	 159	0.12	55.08
包	 159	0.12	55.21
从	 157	0.12	55.33
只	 157	0.12	55.45
分	 156	0.12	55.57
实	 155	0.12	55.69
内	 153	0.12	55.81
美	 153	0.12	55.93
持	 153	0.12	56.05
其	 152	0.12	56.17
S	 152	0.12	56.29
正	 152	0.12	56.41
,	 151	0.12	56.52
特	 151	0.12	56.64
部	 150	0.12	56.76
军	 150	0.12	56.87
期	 150	0.12	56.99
）	 148	0.12	57.11
式	 147	0.11	57.22
所	 146	0.11	57.33
主	 146	0.11	57.45
早	 145	0.11	57.56
方	 145	0.11	57.67
更	 144	0.11	57.79
乳	 144	0.11	57.90
死	 143	0.11	58.01
错	 143	0.11	58.12
设	 142	0.11	58.23
路	 142	0.11	58.34
市	 141	0.11	58.45
r	 141	0.11	58.56
-	 140	0.11	58.67
给	 140	0.11	58.78
7	 140	0.11	58.89
吧	 140	0.11	59.00
样	 140	0.11	59.11
广	 140	0.11	59.22
比	 139	0.11	59.32
学	 138	0.11	59.43
老	 138	0.11	59.54
量	 138	0.11	59.65
改	 137	0.11	59.75
重	 136	0.11	59.86
月	 136	0.11	59.96
里	 136	0.11	60.07
又	 135	0.11	60.18
做	 135	0.11	60.28
定	 134	0.10	60.38
合	 134	0.10	60.49
加	 134	0.10	60.59
器	 134	0.10	60.70
光	 132	0.10	60.80
意	 132	0.10	60.90
体	 131	0.10	61.00
已	 131	0.10	61.11
变	 131	0.10	61.21
他	 131	0.10	61.31
问	 131	0.10	61.41
长	 130	0.10	61.51
计	 129	0.10	61.61
第	 129	0.10	61.71
告	 126	0.10	61.81
乐	 125	0.10	61.91
信	 125	0.10	62.01
者	 123	0.10	62.10
系	 123	0.10	62.20
医	 123	0.10	62.29
型	 123	0.10	62.39
称	 122	0.09	62.49
再	 122	0.09	62.58
通	 122	0.09	62.68
：	 122	0.09	62.77
院	 120	0.09	62.86
支	 120	0.09	62.96
题	 120	0.09	63.05
但	 119	0.09	63.14
本	 119	0.09	63.24
什	 119	0.09	63.33
质	 119	0.09	63.42
关	 118	0.09	63.51
今	 118	0.09	63.60
外	 118	0.09	63.70
它	 118	0.09	63.79
西	 118	0.09	63.88
同	 118	0.09	63.97
线	 116	0.09	64.06
度	 115	0.09	64.15
转	 115	0.09	64.24
手	 115	0.09	64.33
与	 114	0.09	64.42
民	 114	0.09	64.51
着	 114	0.09	64.60
视	 113	0.09	64.69
司	 112	0.09	64.77
两	 112	0.09	64.86
换	 112	0.09	64.95
活	 111	0.09	65.03
性	 110	0.09	65.12
直	 110	0.09	65.20
c	 109	0.08	65.29
知	 109	0.08	65.37
化	 108	0.08	65.46
当	 107	0.08	65.54
口	 106	0.08	65.62
气	 106	0.08	65.71
己	 105	0.08	65.79
及	 104	0.08	65.87
原	 104	0.08	65.95
放	 104	0.08	66.03
文	 104	0.08	66.11
谢	 103	0.08	66.19
快	 103	0.08	66.27
远	 103	0.08	66.35
目	 103	0.08	66.43
应	 102	0.08	66.51
让	 101	0.08	66.59
才	 101	0.08	66.67
该	 101	0.08	66.75
管	 101	0.08	66.83
D	 101	0.08	66.91
；	 100	0.08	66.98
件	 100	0.08	67.06
运	 100	0.08	67.14
m	 100	0.08	67.22
相	 100	0.08	67.29
超	  99	0.08	67.37
术	  99	0.08	67.45
觉	  99	0.08	67.53
如	  98	0.08	67.60
l	  98	0.08	67.68
I	  98	0.08	67.75
身	  98	0.08	67.83
安	  98	0.08	67.91
统	  97	0.08	67.98
物	  97	0.08	68.06
每	  97	0.08	68.13
服	  96	0.07	68.21
位	  96	0.07	68.28
别	  96	0.07	68.36
益	  96	0.07	68.43
建	  95	0.07	68.51
由	  95	0.07	68.58
香	  95	0.07	68.65
音	  95	0.07	68.73
程	  95	0.07	68.80
海	  95	0.07	68.88
u	  95	0.07	68.95
北	  94	0.07	69.02
因	  94	0.07	69.10
T	  93	0.07	69.17
福	  93	0.07	69.24
间	  93	0.07	69.31
d	  92	0.07	69.39
打	  92	0.07	69.46
使	  92	0.07	69.53
像	  92	0.07	69.60
数	  91	0.07	69.67
纯	  90	0.07	69.74
常	  90	0.07	69.81
微	  90	0.07	69.88
优	  89	0.07	69.95
空	  89	0.07	70.02
色	  89	0.07	70.09
网	  89	0.07	70.16
并	  88	0.07	70.23
场	  88	0.07	70.30
P	  87	0.07	70.36
命	  86	0.07	70.43
此	  86	0.07	70.50
入	  86	0.07	70.56
牌	  86	0.07	70.63
情	  85	0.07	70.70
级	  85	0.07	70.76
基	  85	0.07	70.83
门	  85	0.07	70.90
消	  85	0.07	70.96
提	  85	0.07	71.03
强	  85	0.07	71.09
L	  84	0.07	71.16
幸	  84	0.07	71.22
回	  84	0.07	71.29
号	  83	0.06	71.35
吗	  83	0.06	71.42
怎	  83	0.06	71.48
世	  82	0.06	71.55
务	  82	0.06	71.61
标	  82	0.06	71.68
商	  82	0.06	71.74
传	  80	0.06	71.80
离	  80	0.06	71.86
难	  80	0.06	71.93
绝	  80	0.06	71.99
p	  80	0.06	72.05
头	  80	0.06	72.11
集	  80	0.06	72.18
货	  80	0.06	72.24
呢	  79	0.06	72.30
法	  79	0.06	72.36
总	  79	0.06	72.42
铁	  79	0.06	72.48
少	  79	0.06	72.55
滴	  79	0.06	72.61
格	  79	0.06	72.67
速	  78	0.06	72.73
形	  78	0.06	72.79
保	  77	0.06	72.85
创	  76	0.06	72.91
完	  76	0.06	72.97
博	  76	0.06	73.03
望	  76	0.06	73.09
专	  76	0.06	73.15
平	  76	0.06	73.20
功	  76	0.06	73.26
客	  76	0.06	73.32
站	  76	0.06	73.38
表	  75	0.06	73.44
技	  75	0.06	73.50
接	  75	0.06	73.56
元	  75	0.06	73.62
具	  74	0.06	73.67
任	  74	0.06	73.73
坚	  74	0.06	73.79
结	  73	0.06	73.85
或	  73	0.06	73.90
始	  73	0.06	73.96
红	  73	0.06	74.02
B	  73	0.06	74.07
儿	  73	0.06	74.13
省	  72	0.06	74.19
源	  72	0.06	74.24
费	  72	0.06	74.30
)	  72	0.06	74.35
冰	  72	0.06	74.41
把	  72	0.06	74.47
话	  72	0.06	74.52
展	  71	0.06	74.58
克	  71	0.06	74.63
步	  71	0.06	74.69
布	  71	0.06	74.74
白	  71	0.06	74.80
南	  71	0.06	74.85
糕	  71	0.06	74.91
妈	  71	0.06	74.96
区	  70	0.05	75.02
将	  70	0.05	75.07
算	  70	0.05	75.13
(	  70	0.05	75.18
决	  70	0.05	75.24
指	  70	0.05	75.29
切	  70	0.05	75.35
越	  70	0.05	75.40
!	  70	0.05	75.45
V	  69	0.05	75.51
东	  69	0.05	75.56
台	  69	0.05	75.62
水	  69	0.05	75.67
造	  68	0.05	75.72
毒	  68	0.05	75.77
二	  68	0.05	75.83
备	  68	0.05	75.88
良	  68	0.05	75.93
《	  67	0.05	75.99
》	  67	0.05	76.04
飞	  67	0.05	76.09
京	  67	0.05	76.14
单	  67	0.05	76.19
几	  67	0.05	76.25
营	  66	0.05	76.30
恶	  66	0.05	76.35
害	  66	0.05	76.40
研	  65	0.05	76.45
些	  65	0.05	76.50
星	  65	0.05	76.55
晚	  65	0.05	76.60
续	  64	0.05	76.65
苏	  64	0.05	76.70
处	  64	0.05	76.75
销	  64	0.05	76.80
受	  64	0.05	76.85
流	  64	0.05	76.90
近	  64	0.05	76.95
航	  64	0.05	77.00
导	  63	0.05	77.05
四	  63	0.05	77.10
倒	  63	0.05	77.15
领	  63	0.05	77.20
瓶	  63	0.05	77.25
艺	  63	0.05	77.30
英	  62	0.05	77.34
达	  62	0.05	77.39
万	  62	0.05	77.44
花	  62	0.05	77.49
见	  62	0.05	77.54
先	  62	0.05	77.59
何	  62	0.05	77.63
至	  61	0.05	77.68
根	  61	0.05	77.73
风	  61	0.05	77.78
向	  61	0.05	77.82
立	  60	0.05	77.87
—	  60	0.05	77.92
～	  60	0.05	77.96
德	  60	0.05	78.01
W	  60	0.05	78.06
图	  60	0.05	78.10
健	  60	0.05	78.15
O	  60	0.05	78.20
g	  60	0.05	78.24
节	  60	0.05	78.29
餐	  59	0.05	78.34
弹	  59	0.05	78.38
满	  59	0.05	78.43
员	  59	0.05	78.47
双	  59	0.05	78.52
F	  59	0.05	78.57
反	  59	0.05	78.61
黑	  59	0.05	78.66
?	  59	0.05	78.70
坑	  59	0.05	78.75
推	  58	0.05	78.80
科	  58	0.05	78.84
认	  58	0.05	78.89
队	  58	0.05	78.93
准	  58	0.05	78.98
/	  58	0.05	79.02
频	  58	0.05	79.07
解	  58	0.05	79.11
界	  58	0.05	79.16
记	  58	0.05	79.20
奖	  57	0.04	79.25
片	  57	0.04	79.29
十	  56	0.04	79.33
山	  56	0.04	79.38
清	  56	0.04	79.42
收	  56	0.04	79.46
州	  56	0.04	79.51
G	  56	0.04	79.55
类	  56	0.04	79.60
争	  55	0.04	79.64
w	  55	0.04	79.68
影	  55	0.04	79.72
字	  55	0.04	79.77
E	  55	0.04	79.81
各	  55	0.04	79.85
采	  55	0.04	79.89
连	  55	0.04	79.94
箱	  55	0.04	79.98
属	  54	0.04	80.02
粒	  54	0.04	80.06
组	  54	0.04	80.11
希	  54	0.04	80.15
团	  54	0.04	80.19
候	  54	0.04	80.23
盒	  54	0.04	80.27
款	  53	0.04	80.32
火	  53	0.04	80.36
叫	  53	0.04	80.40
:	  53	0.04	80.44
环	  53	0.04	80.48
底	  53	0.04	80.52
h	  53	0.04	80.56
刚	  53	0.04	80.60
久	  53	0.04	80.65
干	  53	0.04	80.69
控	  52	0.04	80.73
N	  52	0.04	80.77
您	  52	0.04	80.81
啦	  52	0.04	80.85
拉	  52	0.04	80.89
象	  51	0.04	80.93
示	  51	0.04	80.97
宝	  51	0.04	81.01
枪	  51	0.04	81.05
观	  50	0.04	81.09
料	  50	0.04	81.13
边	  50	0.04	81.17
奇	  49	0.04	81.20
带	  49	0.04	81.24
敢	  49	0.04	81.28
投	  49	0.04	81.32
思	  49	0.04	81.36
供	  49	0.04	81.39
价	  49	0.04	81.43
失	  49	0.04	81.47
简	  49	0.04	81.51
友	  49	0.04	81.55
较	  49	0.04	81.58
据	  48	0.04	81.62
求	  48	0.04	81.66
江	  48	0.04	81.70
毛	  48	0.04	81.73
共	  48	0.04	81.77
继	  48	0.04	81.81
哦	  48	0.04	81.85
米	  48	0.04	81.88
便	  48	0.04	81.92
脸	  48	0.04	81.96
存	  48	0.04	82.00
U	  48	0.04	82.03
R	  48	0.04	82.07
五	  47	0.04	82.11
调	  47	0.04	82.14
康	  47	0.04	82.18
够	  47	0.04	82.22
语	  47	0.04	82.25
逼	  47	0.04	82.29
养	  46	0.04	82.33
珍	  46	0.04	82.36
际	  46	0.04	82.40
跟	  46	0.04	82.43
整	  46	0.04	82.47
办	  46	0.04	82.50
卫	  46	0.04	82.54
模	  45	0.04	82.58
送	  45	0.04	82.61
食	  45	0.04	82.65
脑	  45	0.04	82.68
播	  45	0.04	82.72
终	  45	0.04	82.75
配	  45	0.04	82.79
资	  45	0.04	82.82
条	  44	0.03	82.86
蕉	  44	0.03	82.89
负	  44	0.03	82.92
热	  44	0.03	82.96
注	  44	0.03	82.99
华	  43	0.03	83.03
防	  43	0.03	83.06
球	  43	0.03	83.09
王	  43	0.03	83.13
士	  43	0.03	83.16
冠	  43	0.03	83.19
百	  43	0.03	83.23
且	  43	0.03	83.26
·	  43	0.03	83.29
马	  42	0.03	83.33
城	  42	0.03	83.36
联	  42	0.03	83.39
女	  42	0.03	83.42
病	  42	0.03	83.46
确	  42	0.03	83.49
售	  42	0.03	83.52
言	  42	0.03	83.56
户	  42	0.03	83.59
置	  42	0.03	83.62
拒	  42	0.03	83.65
拿	  41	0.03	83.69
待	  41	0.03	83.72
证	  41	0.03	83.75
钱	  41	0.03	83.78
效	  41	0.03	83.81
声	  41	0.03	83.84
首	  41	0.03	83.88
雪	  41	0.03	83.91
斯	  40	0.03	83.94
项	  40	0.03	83.97
助	  40	0.03	84.00
草	  40	0.03	84.03
鸡	  40	0.03	84.06
容	  39	0.03	84.09
足	  39	0.03	84.12
金	  39	0.03	84.16
历	  39	0.03	84.19
厂	  39	0.03	84.22
享	  39	0.03	84.25
输	  39	0.03	84.28
操	  39	0.03	84.31
师	  39	0.03	84.34
爹	  39	0.03	84.37
H	  39	0.03	84.40
曾	  38	0.03	84.43
亲	  38	0.03	84.46
呵	  38	0.03	84.49
参	  38	0.03	84.52
验	  38	0.03	84.55
必	  38	0.03	84.58
闭	  38	0.03	84.61
甲	  38	0.03	84.63
除	  38	0.03	84.66
义	  38	0.03	84.69
境	  38	0.03	84.72
史	  37	0.03	84.75
承	  37	0.03	84.78
核	  37	0.03	84.81
规	  37	0.03	84.84
击	  37	0.03	84.87
深	  37	0.03	84.90
贵	  37	0.03	84.93
非	  37	0.03	84.95
低	  37	0.03	84.98
杯	  36	0.03	85.01
护	  36	0.03	85.04
列	  36	0.03	85.07
木	  36	0.03	85.09
挺	  36	0.03	85.12
神	  36	0.03	85.15
尔	  36	0.03	85.18
亚	  36	0.03	85.21
段	  36	0.03	85.23
交	  36	0.03	85.26
版	  36	0.03	85.29
即	  36	0.03	85.32
张	  36	0.03	85.35
众	  36	0.03	85.38
笑	  36	0.03	85.40
苦	  36	0.03	85.43
k	  36	0.03	85.46
云	  35	0.03	85.49
教	  35	0.03	85.51
啥	  35	0.03	85.54
阿	  35	0.03	85.57
射	  35	0.03	85.60
报	  35	0.03	85.62
息	  35	0.03	85.65
y	  35	0.03	85.68
温	  35	0.03	85.70
载	  35	0.03	85.73
X	  35	0.03	85.76
粮	  35	0.03	85.79
精	  35	0.03	85.81
虽	  35	0.03	85.84
走	  35	0.03	85.87
诉	  35	0.03	85.89
素	  35	0.03	85.92
听	  35	0.03	85.95
限	  34	0.03	85.98
论	  34	0.03	86.00
获	  34	0.03	86.03
仅	  34	0.03	86.06
局	  34	0.03	86.08
需	  34	0.03	86.11
试	  34	0.03	86.13
未	  34	0.03	86.16
彩	  34	0.03	86.19
卖	  34	0.03	86.21
汽	  34	0.03	86.24
八	  33	0.03	86.27
构	  33	0.03	86.29
政	  33	0.03	86.32
族	  33	0.03	86.34
编	  33	0.03	86.37
f	  33	0.03	86.39
初	  33	0.03	86.42
购	  33	0.03	86.45
块	  33	0.03	86.47
识	  33	0.03	86.50
药	  33	0.03	86.52
＂	  33	0.03	86.55
选	  33	0.03	86.57
序	  33	0.03	86.60
傻	  33	0.03	86.63
复	  33	0.03	86.65
玩	  32	0.02	86.68
请	  32	0.02	86.70
层	  32	0.02	86.73
究	  32	0.02	86.75
怪	  32	0.02	86.78
极	  32	0.02	86.80
态	  32	0.02	86.83
板	  32	0.02	86.85
油	  32	0.02	86.88
闻	  32	0.02	86.90
般	  32	0.02	86.93
武	  32	0.02	86.95
伤	  32	0.02	86.98
古	  31	0.02	87.00
酒	  31	0.02	87.02
六	  31	0.02	87.05
v	  31	0.02	87.07
怕	  31	0.02	87.10
宁	  31	0.02	87.12
码	  31	0.02	87.14
周	  31	0.02	87.17
石	  31	0.02	87.19
晨	  31	0.02	87.22
升	  31	0.02	87.24
谁	  31	0.02	87.27
粉	  31	0.02	87.29
盘	  31	0.02	87.31
;	  31	0.02	87.34
篡	  31	0.02	87.36
智	  31	0.02	87.39
尼	  31	0.02	87.41
哎	  31	0.02	87.43
致	  30	0.02	87.46
x	  30	0.02	87.48
呀	  30	0.02	87.50
突	  30	0.02	87.53
剧	  30	0.02	87.55
值	  30	0.02	87.57
母	  29	0.02	87.60
欧	  29	0.02	87.62
b	  29	0.02	87.64
洲	  29	0.02	87.66
显	  29	0.02	87.69
络	  29	0.02	87.71
写	  29	0.02	87.73
找	  29	0.02	87.75
细	  29	0.02	87.78
袋	  29	0.02	87.80
压	  29	0.02	87.82
兴	  29	0.02	87.84
波	  29	0.02	87.87
易	  29	0.02	87.89
差	  29	0.02	87.91
拥	  29	0.02	87.94
取	  29	0.02	87.96
念	  29	0.02	87.98
饮	  29	0.02	88.00
=	  29	0.02	88.03
孩	  29	0.02	88.05
朋	  29	0.02	88.07
辛	  29	0.02	88.09
她	  29	0.02	88.12
案	  29	0.02	88.14
居	  28	0.02	88.16
惜	  28	0.02	88.18
+	  28	0.02	88.20
许	  28	0.02	88.23
青	  28	0.02	88.25
断	  28	0.02	88.27
端	  28	0.02	88.29
依	  28	0.02	88.31
率	  28	0.02	88.33
陆	  28	0.02	88.36
帮	  28	0.02	88.38
轻	  28	0.02	88.40
蛋	  28	0.02	88.42
演	  27	0.02	88.44
适	  27	0.02	88.46
麦	  27	0.02	88.48
假	  27	0.02	88.51
软	  27	0.02	88.53
耻	  27	0.02	88.55
巧	  27	0.02	88.57
围	  27	0.02	88.59
垃	  27	0.02	88.61
圾	  27	0.02	88.63
饭	  27	0.02	88.65
故	  27	0.02	88.67
半	  27	0.02	88.69
响	  27	0.02	88.72
独	  27	0.02	88.74
宣	  27	0.02	88.76
杀	  27	0.02	88.78
绿	  27	0.02	88.80
歌	  27	0.02	88.82
坦	  26	0.02	88.84
评	  26	0.02	88.86
巨	  26	0.02	88.88
亮	  26	0.02	88.90
留	  26	0.02	88.92
社	  26	0.02	88.94
掉	  26	0.02	88.96
黄	  26	0.02	88.98
桃	  26	0.02	89.00
靠	  26	0.02	89.02
汇	  26	0.02	89.04
悲	  26	0.02	89.06
屏	  26	0.02	89.08
座	  26	0.02	89.10
批	  26	0.02	89.12
姐	  26	0.02	89.14
央	  26	0.02	89.17
梦	  25	0.02	89.18
画	  25	0.02	89.20
阳	  25	0.02	89.22
官	  25	0.02	89.24
斗	  25	0.02	89.26
划	  25	0.02	89.28
引	  25	0.02	89.30
丽	  25	0.02	89.32
职	  25	0.02	89.34
印	  25	0.02	89.36
哪	  25	0.02	89.38
监	  25	0.02	89.40
硬	  25	0.02	89.42
肚	  25	0.02	89.44
某	  25	0.02	89.46
索	  25	0.02	89.48
股	  25	0.02	89.50
词	  25	0.02	89.52
秀	  24	0.02	89.53
典	  24	0.02	89.55
肯	  24	0.02	89.57
治	  24	0.02	89.59
赞	  24	0.02	89.61
习	  24	0.02	89.63
土	  24	0.02	89.65
睡	  24	0.02	89.66
兵	  24	0.02	89.68
港	  24	0.02	89.70
烧	  24	0.02	89.72
移	  24	0.02	89.74
舰	  24	0.02	89.76
诺	  24	0.02	89.78
饰	  24	0.02	89.80
校	  24	0.02	89.81
卡	  24	0.02	89.83
略	  23	0.02	89.85
鲜	  23	0.02	89.87
似	  23	0.02	89.89
竟	  23	0.02	89.90
补	  23	0.02	89.92
哥	  23	0.02	89.94
降	  23	0.02	89.96
榜	  23	0.02	89.98
宜	  23	0.02	89.99
含	  23	0.02	90.01
永	  23	0.02	90.03
寸	  23	0.02	90.05
架	  23	0.02	90.07
赛	  23	0.02	90.08
龙	  23	0.02	90.10
&	  23	0.02	90.12
份	  23	0.02	90.14
洗	  23	0.02	90.16
刻	  23	0.02	90.17
随	  23	0.02	90.19
责	  23	0.02	90.21
则	  22	0.02	90.23
综	  22	0.02	90.24
默	  22	0.02	90.26
耳	  22	0.02	90.28
材	  22	0.02	90.29
仑	  22	0.02	90.31
排	  22	0.02	90.33
权	  22	0.02	90.35
昨	  22	0.02	90.36
盛	  22	0.02	90.38
厚	  22	0.02	90.40
富	  22	0.02	90.41
普	  22	0.02	90.43
唱	  22	0.02	90.45
考	  22	0.02	90.47
志	  21	0.02	90.48
府	  21	0.02	90.50
巴	  21	0.02	90.51
唯	  21	0.02	90.53
讲	  21	0.02	90.55
午	  21	0.02	90.56
眼	  21	0.02	90.58
吐	  21	0.02	90.60
奥	  21	0.02	90.61
测	  21	0.02	90.63
淋	  21	0.02	90.65
群	  21	0.02	90.66
坐	  21	0.02	90.68
积	  21	0.02	90.69
班	  21	0.02	90.71
另	  21	0.02	90.73
枣	  21	0.02	90.74
角	  21	0.02	90.76
状	  21	0.02	90.78
辆	  21	0.02	90.79
农	  21	0.02	90.81
洋	  21	0.02	90.83
严	  21	0.02	90.84
激	  21	0.02	90.86
湖	  21	0.02	90.87
革	  21	0.02	90.89
七	  21	0.02	90.91
疗	  20	0.02	90.92
罗	  20	0.02	90.94
施	  20	0.02	90.95
淇	  20	0.02	90.97
棍	  20	0.02	90.99
鞋	  20	0.02	91.00
幕	  20	0.02	91.02
肉	  20	0.02	91.03
玛	  20	0.02	91.05
否	  20	0.02	91.06
瓷	  20	0.02	91.08
千	  20	0.02	91.09
骨	  20	0.02	91.11
媒	  20	0.02	91.13
歉	  20	0.02	91.14
破	  20	0.02	91.16
键	  20	0.02	91.17
查	  20	0.02	91.19
童	  20	0.02	91.20
短	  20	0.02	91.22
往	  20	0.02	91.23
翅	  19	0.01	91.25
丰	  19	0.01	91.26
党	  19	0.01	91.28
密	  19	0.01	91.29
室	  19	0.01	91.31
染	  19	0.01	91.32
荣	  19	0.01	91.34
汉	  19	0.01	91.35
修	  19	0.01	91.37
预	  19	0.01	91.38
括	  19	0.01	91.40
却	  19	0.01	91.41
摄	  19	0.01	91.43
茶	  19	0.01	91.44
河	  19	0.01	91.46
散	  19	0.01	91.47
曲	  19	0.01	91.49
虫	  19	0.01	91.50
域	  19	0.01	91.52
误	  19	0.01	91.53
释	  19	0.01	91.54
兰	  19	0.01	91.56
鹿	  19	0.01	91.57
愿	  19	0.01	91.59
维	  19	0.01	91.60
衣	  19	0.01	91.62
书	  19	0.01	91.63
皮	  19	0.01	91.65
甜	  19	0.01	91.66
搞	  19	0.01	91.68
轮	  19	0.01	91.69
吸	  19	0.01	91.71
怀	  18	0.01	91.72
浙	  18	0.01	91.74
忘	  18	0.01	91.75
炮	  18	0.01	91.76
织	  18	0.01	91.78
役	  18	0.01	91.79
择	  18	0.01	91.81
育	  18	0.01	91.82
须	  18	0.01	91.83
曝	  18	0.01	91.85
氏	  18	0.01	91.86
q	  18	0.01	91.88
威	  18	0.01	91.89
暖	  18	0.01	91.90
住	  18	0.01	91.92
爆	  18	0.01	91.93
零	  18	0.01	91.95
著	  18	0.01	91.96
浓	  18	0.01	91.97
男	  18	0.01	91.99
绣	  18	0.01	92.00
游	  17	0.01	92.01
礼	  17	0.01	92.03
丁	  17	0.01	92.04
善	  17	0.01	92.05
危	  17	0.01	92.07
范	  17	0.01	92.08
莓	  17	0.01	92.09
佳	  17	0.01	92.11
顶	  17	0.01	92.12
蓝	  17	0.01	92.13
余	  17	0.01	92.15
诚	  17	0.01	92.16
储	  17	0.01	92.17
偶	  17	0.01	92.19
烂	  17	0.01	92.20
陶	  17	0.01	92.21
协	  17	0.01	92.23
沙	  17	0.01	92.24
举	  17	0.01	92.25
败	  17	0.01	92.27
照	  17	0.01	92.28
祝	  17	0.01	92.29
饼	  17	0.01	92.31
^	  17	0.01	92.32
迎	  17	0.01	92.33
票	  17	0.01	92.35
临	  17	0.01	92.36
罪	  17	0.01	92.37
搜	  17	0.01	92.39
录	  17	0.01	92.40
础	  16	0.01	92.41
泡	  16	0.01	92.42
朝	  16	0.01	92.44
聚	  16	0.01	92.45
嘛	  16	0.01	92.46
纪	  16	0.01	92.47
冲	  16	0.01	92.49
套	  16	0.01	92.50
跑	  16	0.01	92.51
漂	  16	0.01	92.52
宽	  16	0.01	92.54
淡	  16	0.01	92.55
启	  16	0.01	92.56
疑	  16	0.01	92.57
湾	  16	0.01	92.59
豆	  16	0.01	92.60
增	  16	0.01	92.61
止	  16	0.01	92.62
箭	  16	0.01	92.64
舒	  16	0.01	92.65
穿	  16	0.01	92.66
K	  16	0.01	92.67
添	  16	0.01	92.69
乱	  15	0.01	92.70
附	  15	0.01	92.71
约	  15	0.01	92.72
菜	  15	0.01	92.73
拍	  15	0.01	92.74
残	  15	0.01	92.76
敌	  15	0.01	92.77
汤	  15	0.01	92.78
嗯	  15	0.01	92.79
透	  15	0.01	92.80
丹	  15	0.01	92.81
妹	  15	0.01	92.83
敬	  15	0.01	92.84
彻	  15	0.01	92.85
按	  15	0.01	92.86
途	  15	0.01	92.87
杂	  15	0.01	92.88
佩	  15	0.01	92.90
滋	  15	0.01	92.91
弟	  15	0.01	92.92
毕	  15	0.01	92.93
免	  15	0.01	92.94
档	  15	0.01	92.95
亿	  15	0.01	92.97
堂	  15	0.01	92.98
例	  15	0.01	92.99
济	  15	0.01	93.00
夜	  15	0.01	93.01
缺	  15	0.01	93.02
呦	  15	0.01	93.04
顺	  15	0.01	93.05
棒	  15	0.01	93.06
冷	  15	0.01	93.07
鄙	  15	0.01	93.08
壮	  15	0.01	93.09
篮	  15	0.01	93.11
房	  15	0.01	93.12
刺	  14	0.01	93.13
尽	  14	0.01	93.14
雄	  14	0.01	93.15
霸	  14	0.01	93.16
委	  14	0.01	93.17
议	  14	0.01	93.18
竞	  14	0.01	93.19
占	  14	0.01	93.20
叶	  14	0.01	93.22
春	  14	0.01	93.23
园	  14	0.01	93.24
舍	  14	0.01	93.25
弃	  14	0.01	93.26
迅	  14	0.01	93.27
固	  14	0.01	93.28
纸	  14	0.01	93.29
坏	  14	0.01	93.30
救	  14	0.01	93.31
异	  14	0.01	93.32
耐	  14	0.01	93.34
纹	  14	0.01	93.35
裁	  14	0.01	93.36
曦	  14	0.01	93.37
洁	  14	0.01	93.38
慢	  14	0.01	93.39
呜	  14	0.01	93.40
Q	  14	0.01	93.41
Y	  14	0.01	93.42
伴	  14	0.01	93.43
钟	  14	0.01	93.44
辑	  14	0.01	93.46
槽	  14	0.01	93.47
曼	  14	0.01	93.48
雀	  14	0.01	93.49
巢	  14	0.01	93.50
腻	  14	0.01	93.51
旗	  14	0.01	93.52
迪	  14	0.01	93.53
盖	  14	0.01	93.54
哇	  14	0.01	93.55
译	  14	0.01	93.56
迷	  14	0.01	93.57
冬	  14	0.01	93.59
丢	  13	0.01	93.60
尚	  13	0.01	93.61
令	  13	0.01	93.62
酪	  13	0.01	93.63
尤	  13	0.01	93.64
互	  13	0.01	93.65
策	  13	0.01	93.66
培	  13	0.01	93.67
借	  13	0.01	93.68
毫	  13	0.01	93.69
胃	  13	0.01	93.70
落	  13	0.01	93.71
店	  13	0.01	93.72
塑	  13	0.01	93.73
况	  13	0.01	93.74
笔	  13	0.01	93.75
%	  13	0.01	93.76
牧	  13	0.01	93.77
圈	  13	0.01	93.78
势	  13	0.01	93.79
贴	  13	0.01	93.80
犯	  13	0.01	93.81
嘴	  13	0.01	93.82
亦	  13	0.01	93.83
孙	  13	0.01	93.84
_	  13	0.01	93.85
灭	  13	0.01	93.86
脚	  13	0.01	93.87
抽	  13	0.01	93.88
欺	  13	0.01	93.89
楼	  13	0.01	93.90
祸	  13	0.01	93.91
林	  13	0.01	93.92
焦	  13	0.01	93.93
窑	  13	0.01	93.94
抗	  13	0.01	93.95
督	  13	0.01	93.96
玉	  13	0.01	93.97
雷	  13	0.01	93.98
距	  13	0.01	93.99
韩	  13	0.01	94.00
抓	  13	0.01	94.01
袭	  12	0.01	94.02
莫	  12	0.01	94.03
倍	  12	0.01	94.04
灵	  12	0.01	94.05
潜	  12	0.01	94.06
停	  12	0.01	94.07
菲	  12	0.01	94.08
背	  12	0.01	94.09
尝	  12	0.01	94.09
猛	  12	0.01	94.10
休	  12	0.01	94.11
血	  12	0.01	94.12
狠	  12	0.01	94.13
刀	  12	0.01	94.14
烈	  12	0.01	94.15
偿	  12	0.01	94.16
减	  12	0.01	94.17
牙	  12	0.01	94.18
均	  12	0.01	94.19
桥	  12	0.01	94.20
聊	  12	0.01	94.21
罚	  12	0.01	94.22
延	  12	0.01	94.23
尺	  12	0.01	94.24
嘉	  12	0.01	94.24
誉	  12	0.01	94.25
紧	  12	0.01	94.26
检	  12	0.01	94.27
纳	  12	0.01	94.28
岛	  12	0.01	94.29
宾	  12	0.01	94.30
季	  12	0.01	94.31
混	  12	0.01	94.32
钙	  12	0.01	94.33
陈	  12	0.01	94.34
咱	  12	0.01	94.35
惊	  12	0.01	94.36
斤	  12	0.01	94.37
讯	  12	0.01	94.38
隶	  12	0.01	94.38
恩	  12	0.01	94.39
晶	  12	0.01	94.40
圆	  12	0.01	94.41
拟	  12	0.01	94.42
戏	  12	0.01	94.43
讨	  12	0.01	94.44
洛	  12	0.01	94.45
釉	  12	0.01	94.46
充	  12	0.01	94.47
醒	  12	0.01	94.48
碗	  12	0.01	94.49
顾	  12	0.01	94.50
仔	  12	0.01	94.51
翻	  12	0.01	94.52
萌	  12	0.01	94.52
迹	  12	0.01	94.53
糖	  12	0.01	94.54
燃	  12	0.01	94.55
吉	  11	0.01	94.56
九	  11	0.01	94.57
燕	  11	0.01	94.58
圣	  11	0.01	94.59
览	  11	0.01	94.60
羊	  11	0.01	94.60
届	  11	0.01	94.61
担	  11	0.01	94.62
烟	  11	0.01	94.63
末	  11	0.01	94.64
踏	  11	0.01	94.65
旅	  11	0.01	94.66
阵	  11	0.01	94.66
景	  11	0.01	94.67
劲	  11	0.01	94.68
凉	  11	0.01	94.69
夏	  11	0.01	94.70
挤	  11	0.01	94.71
虚	  11	0.01	94.72
弱	  11	0.01	94.72
奔	  11	0.01	94.73
泥	  11	0.01	94.74
庆	  11	0.01	94.75
丝	  11	0.01	94.76
损	  11	0.01	94.77
炸	  11	0.01	94.78
×	  11	0.01	94.78
银	  11	0.01	94.79
折	  11	0.01	94.80
耶	  11	0.01	94.81
岁	  11	0.01	94.82
镜	  11	0.01	94.83
删	  11	0.01	94.84
奸	  11	0.01	94.84
针	  11	0.01	94.85
唐	  11	0.01	94.86
额	  11	0.01	94.87
驱	  11	0.01	94.88
稳	  11	0.01	94.89
恋	  11	0.01	94.90
执	  11	0.01	94.90
堆	  11	0.01	94.91
警	  11	0.01	94.92
罐	  11	0.01	94.93
攻	  11	0.01	94.94
z	  11	0.01	94.95
帅	  11	0.01	94.96
追	  11	0.01	94.96
戒	  11	0.01	94.97
'	  11	0.01	94.98
呈	  11	0.01	94.99
横	  11	0.01	95.00
妇	  11	0.01	95.01
宗	  11	0.01	95.01
謝	  11	0.01	95.02
句	  11	0.01	95.03
剂	  11	0.01	95.04
嘻	  11	0.01	95.05
付	  10	0.01	95.06
污	  10	0.01	95.06
址	  10	0.01	95.07
塔	  10	0.01	95.08
奈	  10	0.01	95.09
擦	  10	0.01	95.10
床	  10	0.01	95.10
勇	  10	0.01	95.11
俗	  10	0.01	95.12
惯	  10	0.01	95.13
臭	  10	0.01	95.13
荐	  10	0.01	95.14
缩	  10	0.01	95.15
胎	  10	0.01	95.16
梁	  10	0.01	95.17
屡	  10	0.01	95.17
挥	  10	0.01	95.18
侧	  10	0.01	95.19
估	  10	0.01	95.20
李	  10	0.01	95.20
归	  10	0.01	95.21
宿	  10	0.01	95.22
赣	  10	0.01	95.23
仪	  10	0.01	95.24
械	  10	0.01	95.24
液	  10	0.01	95.25
俄	  10	0.01	95.26
滑	  10	0.01	95.27
砖	  10	0.01	95.27
跨	  10	0.01	95.28
悔	  10	0.01	95.29
谱	  10	0.01	95.30
涉	  10	0.01	95.31
姓	  10	0.01	95.31
锦	  10	0.01	95.32
毁	  10	0.01	95.33
暴	  10	0.01	95.34
腐	  10	0.01	95.35
艇	  10	0.01	95.35
鱼	  10	0.01	95.36
闷	  10	0.01	95.37
厉	  10	0.01	95.38
封	  10	0.01	95.38
野	  10	0.01	95.39
钢	  10	0.01	95.40
宋	  10	0.01	95.41
丑	  10	0.01	95.42
急	  10	0.01	95.42
J	  10	0.01	95.43
雅	  10	0.01	95.44
肠	  10	0.01	95.45
谷	  10	0.01	95.45
趣	  10	0.01	95.46
浪	  10	0.01	95.47
伦	  10	0.01	95.48
麻	  10	0.01	95.49
田	  10	0.01	95.49
馋	  10	0.01	95.50
扩	  10	0.01	95.51
荡	  10	0.01	95.52
街	   9	0.01	95.52
娘	   9	0.01	95.53
障	   9	0.01	95.54
净	   9	0.01	95.54
凭	   9	0.01	95.55
旧	   9	0.01	95.56
派	   9	0.01	95.57
逆	   9	0.01	95.57
咖	   9	0.01	95.58
乘	   9	0.01	95.59
介	   9	0.01	95.59
阶	   9	0.01	95.60
纠	   9	0.01	95.61
萨	   9	0.01	95.61
呼	   9	0.01	95.62
乎	   9	0.01	95.63
劣	   9	0.01	95.64
登	   9	0.01	95.64
鲁	   9	0.01	95.65
爽	   9	0.01	95.66
猴	   9	0.01	95.66
芦	   9	0.01	95.67
扯	   9	0.01	95.68
轨	   9	0.01	95.68
甚	   9	0.01	95.69
左	   9	0.01	95.70
悠	   9	0.01	95.71
唉	   9	0.01	95.71
熟	   9	0.01	95.72
抢	   9	0.01	95.73
陷	   9	0.01	95.73
诞	   9	0.01	95.74
戴	   9	0.01	95.75
惠	   9	0.01	95.75
挂	   9	0.01	95.76
叉	   9	0.01	95.77
恨	   9	0.01	95.78
沟	   9	0.01	95.78
厌	   9	0.01	95.79
骗	   9	0.01	95.80
莱	   9	0.01	95.80
船	   9	0.01	95.81
薄	   9	0.01	95.82
招	   9	0.01	95.82
妙	   9	0.01	95.83
剑	   9	0.01	95.84
瑞	   9	0.01	95.85
婆	   9	0.01	95.85
挑	   9	0.01	95.86
啡	   9	0.01	95.87
忠	   9	0.01	95.87
灰	   9	0.01	95.88
聪	   9	0.01	95.89
湘	   9	0.01	95.89
腿	   9	0.01	95.90
骂	   9	0.01	95.91
娃	   9	0.01	95.92
菌	   9	0.01	95.92
仁	   9	0.01	95.93
厦	   9	0.01	95.94
幻	   9	0.01	95.94
触	   9	0.01	95.95
违	   9	0.01	95.96
悉	   8	0.01	95.96
豪	   8	0.01	95.97
癌	   8	0.01	95.98
芬	   8	0.01	95.98
绒	   8	0.01	95.99
席	   8	0.01	96.00
泛	   8	0.01	96.00
符	   8	0.01	96.01
筑	   8	0.01	96.01
隐	   8	0.01	96.02
赶	   8	0.01	96.03
郑	   8	0.01	96.03
险	   8	0.01	96.04
顿	   8	0.01	96.04
跳	   8	0.01	96.05
脱	   8	0.01	96.06
惑	   8	0.01	96.06
藏	   8	0.01	96.07
摇	   8	0.01	96.08
兼	   8	0.01	96.08
池	   8	0.01	96.09
喷	   8	0.01	96.09
扔	   8	0.01	96.10
赔	   8	0.01	96.11
仍	   8	0.01	96.11
惨	   8	0.01	96.12
绍	   8	0.01	96.13
伪	   8	0.01	96.13
纵	   8	0.01	96.14
渴	   8	0.01	96.14
繁	   8	0.01	96.15
献	   8	0.01	96.16
狂	   8	0.01	96.16
凤	   8	0.01	96.17
愤	   8	0.01	96.18
贱	   8	0.01	96.18
津	   8	0.01	96.19
伟	   8	0.01	96.19
疫	   8	0.01	96.20
颗	   8	0.01	96.21
振	   8	0.01	96.21
树	   8	0.01	96.22
荟	   8	0.01	96.23
详	   8	0.01	96.23
废	   8	0.01	96.24
覆	   8	0.01	96.24
露	   8	0.01	96.25
狗	   8	0.01	96.26
伙	   8	0.01	96.26
皇	   8	0.01	96.27
沉	   8	0.01	96.28
霉	   8	0.01	96.28
胡	   8	0.01	96.29
厅	   8	0.01	96.29
郁	   8	0.01	96.30
衡	   8	0.01	96.31
遭	   8	0.01	96.31
训	   8	0.01	96.32
征	   8	0.01	96.33
虑	   8	0.01	96.33
吓	   8	0.01	96.34
援	   8	0.01	96.34
村	   8	0.01	96.35
庭	   8	0.01	96.36
旺	   8	0.01	96.36
丫	   8	0.01	96.37
读	   8	0.01	96.37
奋	   8	0.01	96.38
插	   8	0.01	96.39
鹰	   8	0.01	96.39
呐	   8	0.01	96.40
扇	   8	0.01	96.41
川	   8	0.01	96.41
谓	   8	0.01	96.42
君	   8	0.01	96.42
浮	   8	0.01	96.43
甄	   8	0.01	96.44
刑	   8	0.01	96.44
抄	   8	0.01	96.45
卧	   8	0.01	96.46
概	   8	0.01	96.46
９	   8	0.01	96.47
阻	   8	0.01	96.47
爸	   8	0.01	96.48
漏	   7	0.01	96.49
浏	   7	0.01	96.49
辱	   7	0.01	96.50
审	   7	0.01	96.50
胜	   7	0.01	96.51
努	   7	0.01	96.51
述	   7	0.01	96.52
齐	   7	0.01	96.52
１	   7	0.01	96.53
哀	   7	0.01	96.54
烤	   7	0.01	96.54
磁	   7	0.01	96.55
兄	   7	0.01	96.55
胆	   7	0.01	96.56
叹	   7	0.01	96.56
挡	   7	0.01	96.57
贡	   7	0.01	96.57
菊	   7	0.01	96.58
逐	   7	0.01	96.58
剩	   7	0.01	96.59
堪	   7	0.01	96.60
卷	   7	0.01	96.60
朗	   7	0.01	96.61
铜	   7	0.01	96.61
链	   7	0.01	96.62
猕	   7	0.01	96.62
课	   7	0.01	96.63
疼	   7	0.01	96.63
荷	   7	0.01	96.64
潮	   7	0.01	96.64
蜜	   7	0.01	96.65
库	   7	0.01	96.66
遇	   7	0.01	96.66
截	   7	0.01	96.67
撒	   7	0.01	96.67
吖	   7	0.01	96.68
椅	   7	0.01	96.68
腹	   7	0.01	96.69
杰	   7	0.01	96.69
砸	   7	0.01	96.70
刘	   7	0.01	96.70
疯	   7	0.01	96.71
劳	   7	0.01	96.72
恭	   7	0.01	96.72
谈	   7	0.01	96.73
桶	   7	0.01	96.73
贝	   7	0.01	96.74
貌	   7	0.01	96.74
馆	   7	0.01	96.75
饱	   7	0.01	96.75
珐	   7	0.01	96.76
琅	   7	0.01	96.76
贯	   7	0.01	96.77
胺	   7	0.01	96.77
退	   7	0.01	96.78
蒸	   7	0.01	96.79
氰	   7	0.01	96.79
」	   7	0.01	96.80
扫	   7	0.01	96.80
虎	   7	0.01	96.81
搭	   7	0.01	96.81
凌	   7	0.01	96.82
楚	   7	0.01	96.82
驶	   7	0.01	96.83
雕	   7	0.01	96.83
册	   7	0.01	96.84
犬	   7	0.01	96.85
兆	   7	0.01	96.85
驰	   7	0.01	96.86
励	   7	0.01	96.86
胖	   7	0.01	96.87
抖	   7	0.01	96.87
贪	   6	0.00	96.88
轿	   6	0.00	96.88
贸	   6	0.00	96.89
泰	   6	0.00	96.89
噢	   6	0.00	96.90
赢	   6	0.00	96.90
煤	   6	0.00	96.91
圳	   6	0.00	96.91
促	   6	0.00	96.92
忆	   6	0.00	96.92
鼠	   6	0.00	96.92
滚	   6	0.00	96.93
涨	   6	0.00	96.93
肥	   6	0.00	96.94
吹	   6	0.00	96.94
轴	   6	0.00	96.95
朱	   6	0.00	96.95
拔	   6	0.00	96.96
律	   6	0.00	96.96
胶	   6	0.00	96.97
俩	   6	0.00	96.97
乡	   6	0.00	96.98
柔	   6	0.00	96.98
垂	   6	0.00	96.99
恐	   6	0.00	96.99
隆	   6	0.00	96.99
冒	   6	0.00	97.00
径	   6	0.00	97.00
催	   6	0.00	97.01
缘	   6	0.00	97.01
乌	   6	0.00	97.02
搬	   6	0.00	97.02
忽	   6	0.00	97.03
探	   6	0.00	97.03
森	   6	0.00	97.04
碧	   6	0.00	97.04
刷	   6	0.00	97.05
夺	   6	0.00	97.05
峰	   6	0.00	97.06
右	   6	0.00	97.06
闪	   6	0.00	97.06
辨	   6	0.00	97.07
舞	   6	0.00	97.07
塞	   6	0.00	97.08
漆	   6	0.00	97.08
绩	   6	0.00	97.09
￣	   6	0.00	97.09
徐	   6	0.00	97.10
勤	   6	0.00	97.10
桌	   6	0.00	97.11
慧	   6	0.00	97.11
辈	   6	0.00	97.12
硕	   6	0.00	97.12
副	   6	0.00	97.13
枝	   6	0.00	97.13
颈	   6	0.00	97.13
肩	   6	0.00	97.14
壶	   6	0.00	97.14
陪	   6	0.00	97.15
惩	   6	0.00	97.15
澡	   6	0.00	97.16
累	   6	0.00	97.16
杭	   6	0.00	97.17
沿	   6	0.00	97.17
喔	   6	0.00	97.18
扶	   6	0.00	97.18
摩	   6	0.00	97.19
玻	   6	0.00	97.19
璃	   6	0.00	97.20
沦	   6	0.00	97.20
饿	   6	0.00	97.20
晋	   6	0.00	97.21
旁	   6	0.00	97.21
耗	   6	0.00	97.22
尖	   6	0.00	97.22
董	   6	0.00	97.23
紫	   6	0.00	97.23
恢	   6	0.00	97.24
访	   6	0.00	97.24
墙	   6	0.00	97.25
赤	   6	0.00	97.25
章	   6	0.00	97.26
察	   6	0.00	97.26
勒	   6	0.00	97.27
夫	   6	0.00	97.27
芯	   6	0.00	97.27
宫	   6	0.00	97.28
尾	   6	0.00	97.28
「	   6	0.00	97.29
既	   6	0.00	97.29
咯	   6	0.00	97.30
束	   6	0.00	97.30
欲	   6	0.00	97.31
懂	   6	0.00	97.31
拘	   6	0.00	97.32
＞	   6	0.00	97.32
趾	   6	0.00	97.33
旋	   6	0.00	97.33
迫	   6	0.00	97.34
困	   6	0.00	97.34
盐	   6	0.00	97.34
练	   6	0.00	97.35
捷	   6	0.00	97.35
洞	   6	0.00	97.36
巡	   6	0.00	97.36
谋	   6	0.00	97.37
鸭	   6	0.00	97.37
翼	   6	0.00	97.38
轰	   6	0.00	97.38
姆	   6	0.00	97.39
亡	   6	0.00	97.39
摸	   6	0.00	97.40
喊	   6	0.00	97.40
锅	   6	0.00	97.41
托	   6	0.00	97.41
肿	   6	0.00	97.41
烦	   6	0.00	97.42
笨	   6	0.00	97.42
瘤	   6	0.00	97.43
替	   5	0.00	97.43
－	   5	0.00	97.44
帝	   5	0.00	97.44
枕	   5	0.00	97.44
欣	   5	0.00	97.45
慰	   5	0.00	97.45
予	   5	0.00	97.46
姑	   5	0.00	97.46
伏	   5	0.00	97.46
哟	   5	0.00	97.47
镇	   5	0.00	97.47
屎	   5	0.00	97.48
绕	   5	0.00	97.48
缸	   5	0.00	97.48
逸	   5	0.00	97.49
蛮	   5	0.00	97.49
脆	   5	0.00	97.50
缝	   5	0.00	97.50
若	   5	0.00	97.50
墨	   5	0.00	97.51
润	   5	0.00	97.51
炉	   5	0.00	97.51
魏	   5	0.00	97.52
澳	   5	0.00	97.52
缠	   5	0.00	97.53
闲	   5	0.00	97.53
谅	   5	0.00	97.53
泪	   5	0.00	97.54
绘	   5	0.00	97.54
孔	   5	0.00	97.55
怖	   5	0.00	97.55
怒	   5	0.00	97.55
萍	   5	0.00	97.56
父	   5	0.00	97.56
碰	   5	0.00	97.57
拜	   5	0.00	97.57
允	   5	0.00	97.57
籍	   5	0.00	97.58
辉	   5	0.00	97.58
裕	   5	0.00	97.58
柜	   5	0.00	97.59
帽	   5	0.00	97.59
鬼	   5	0.00	97.60
侵	   5	0.00	97.60
凸	   5	0.00	97.60
瞬	   5	0.00	97.61
‘	   5	0.00	97.61
瘦	   5	0.00	97.62
’	   5	0.00	97.62
震	   5	0.00	97.62
胞	   5	0.00	97.63
傲	   5	0.00	97.63
勉	   5	0.00	97.64
屁	   5	0.00	97.64
碎	   5	0.00	97.64
巾	   5	0.00	97.65
甘	   5	0.00	97.65
纤	   5	0.00	97.65
遍	   5	0.00	97.66
渣	   5	0.00	97.66
垮	   5	0.00	97.67
颁	   5	0.00	97.67
诊	   5	0.00	97.67
苹	   5	0.00	97.68
静	   5	0.00	97.68
涵	   5	0.00	97.69
隔	   5	0.00	97.69
芙	   5	0.00	97.69
兑	   5	0.00	97.70
→	   5	0.00	97.70
吞	   5	0.00	97.71
沈	   5	0.00	97.71
纽	   5	0.00	97.71
答	   5	0.00	97.72
签	   5	0.00	97.72
炒	   5	0.00	97.72
焊	   5	0.00	97.73
倾	   5	0.00	97.73
袁	   5	0.00	97.74
寻	   5	0.00	97.74
邮	   5	0.00	97.74
苗	   5	0.00	97.75
衔	   5	0.00	97.75
凶	   5	0.00	97.76
逛	   5	0.00	97.76
桑	   5	0.00	97.76
患	   5	0.00	97.77
锋	   5	0.00	97.77
俺	   5	0.00	97.78
嘎	   5	0.00	97.78
柱	   5	0.00	97.78
咋	   5	0.00	97.79
罩	   5	0.00	97.79
腾	   5	0.00	97.79
赵	   5	0.00	97.80
遗	   5	0.00	97.80
酷	   5	0.00	97.81
雾	   5	0.00	97.81
猪	   5	0.00	97.81
匹	   5	0.00	97.82
捕	   5	0.00	97.82
粗	   5	0.00	97.83
币	   5	0.00	97.83
剔	   5	0.00	97.83
狼	   5	0.00	97.84
還	   5	0.00	97.84
汗	   5	0.00	97.85
橙	   5	0.00	97.85
剪	   5	0.00	97.85
拼	   5	0.00	97.86
柄	   5	0.00	97.86
禁	   5	0.00	97.86
钉	   5	0.00	97.87
暗	   5	0.00	97.87
阴	   5	0.00	97.88
砂	   5	0.00	97.88
晃	   5	0.00	97.88
Z	   5	0.00	97.89
递	   5	0.00	97.89
偷	   5	0.00	97.90
忍	   5	0.00	97.90
．	   5	0.00	97.90
杆	   5	0.00	97.91
苍	   5	0.00	97.91
锡	   5	0.00	97.92
哼	   5	0.00	97.92
萝	   5	0.00	97.92
秦	   5	0.00	97.93
愧	   5	0.00	97.93
串	   5	0.00	97.93
叠	   5	0.00	97.94
雨	   5	0.00	97.94
惹	   5	0.00	97.95
蒋	   5	0.00	97.95
赖	   5	0.00	97.95
鼻	   5	0.00	97.96
嘿	   5	0.00	97.96
５	   5	0.00	97.97
矿	   5	0.00	97.97
泉	   5	0.00	97.97
痛	   5	0.00	97.98
冻	   5	0.00	97.98
卜	   5	0.00	97.99
０	   5	0.00	97.99
订	   5	0.00	97.99
裂	   5	0.00	98.00
尴	   4	0.00	98.00
尬	   4	0.00	98.00
毯	   4	0.00	98.01
彭	   4	0.00	98.01
坛	   4	0.00	98.01
赏	   4	0.00	98.02
卢	   4	0.00	98.02
谐	   4	0.00	98.02
驻	   4	0.00	98.03
拓	   4	0.00	98.03
忧	   4	0.00	98.03
豫	   4	0.00	98.03
宏	   4	0.00	98.04
滨	   4	0.00	98.04
诱	   4	0.00	98.04
眉	   4	0.00	98.05
罢	   4	0.00	98.05
姿	   4	0.00	98.05
傅	   4	0.00	98.06
昌	   4	0.00	98.06
钧	   4	0.00	98.06
县	   4	0.00	98.07
阀	   4	0.00	98.07
６	   4	0.00	98.07
汁	   4	0.00	98.07
晓	   4	0.00	98.08
艳	   4	0.00	98.08
枢	   4	0.00	98.08
慕	   4	0.00	98.09
弯	   4	0.00	98.09
页	   4	0.00	98.09
乾	   4	0.00	98.10
植	   4	0.00	98.10
宇	   4	0.00	98.10
凯	   4	0.00	98.11
迁	   4	0.00	98.11
咕	   4	0.00	98.11
嘟	   4	0.00	98.12
娱	   4	0.00	98.12
掩	   4	0.00	98.12
琴	   4	0.00	98.12
骄	   4	0.00	98.13
塘	   4	0.00	98.13
瓜	   4	0.00	98.13
辖	   4	0.00	98.14
夸	   4	0.00	98.14
逻	   4	0.00	98.14
酱	   4	0.00	98.15
疆	   4	0.00	98.15
吁	   4	0.00	98.15
尊	   4	0.00	98.16
绳	   4	0.00	98.16
融	   4	0.00	98.16
栏	   4	0.00	98.17
歡	   4	0.00	98.17
邪	   4	0.00	98.17
矮	   4	0.00	98.17
毅	   4	0.00	98.18
翔	   4	0.00	98.18
崔	   4	0.00	98.18
卸	   4	0.00	98.19
葩	   4	0.00	98.19
携	   4	0.00	98.19
聘	   4	0.00	98.20
吨	   4	0.00	98.20
漫	   4	0.00	98.20
蜀	   4	0.00	98.21
琪	   4	0.00	98.21
葡	   4	0.00	98.21
萄	   4	0.00	98.22
扬	   4	0.00	98.22
财	   4	0.00	98.22
尿	   4	0.00	98.22
盲	   4	0.00	98.23
瞄	   4	0.00	98.23
爷	   4	0.00	98.23
皆	   4	0.00	98.24
柳	   4	0.00	98.24
秒	   4	0.00	98.24
陕	   4	0.00	98.25
侦	   4	0.00	98.25
歪	   4	0.00	98.25
崛	   4	0.00	98.26
稀	   4	0.00	98.26
桂	   4	0.00	98.26
践	   4	0.00	98.26
踩	   4	0.00	98.27
浩	   4	0.00	98.27
鸣	   4	0.00	98.27
渐	   4	0.00	98.28
氢	   4	0.00	98.28
鑫	   4	0.00	98.28
伯	   4	0.00	98.29
吊	   4	0.00	98.29
浦	   4	0.00	98.29
婴	   4	0.00	98.30
凑	   4	0.00	98.30
喽	   4	0.00	98.30
別	   4	0.00	98.31
丧	   4	0.00	98.31
拖	   4	0.00	98.31
朵	   4	0.00	98.31
描	   4	0.00	98.32
俱	   4	0.00	98.32
亏	   4	0.00	98.32
割	   4	0.00	98.33
锁	   4	0.00	98.33
壁	   4	0.00	98.33
蠢	   4	0.00	98.34
勺	   4	0.00	98.34
晕	   4	0.00	98.34
眠	   4	0.00	98.35
碳	   4	0.00	98.35
脂	   4	0.00	98.35
朴	   4	0.00	98.36
唔	   4	0.00	98.36
噶	   4	0.00	98.36
劝	   4	0.00	98.36
喂	   4	0.00	98.37
熏	   4	0.00	98.37
驾	   4	0.00	98.37
棉	   4	0.00	98.38
锐	   4	0.00	98.38
壕	   4	0.00	98.38
鼓	   4	0.00	98.39
凡	   4	0.00	98.39
授	   4	0.00	98.39
旦	   4	0.00	98.40
穷	   4	0.00	98.40
膜	   4	0.00	98.40
纷	   4	0.00	98.41
嚣	   4	0.00	98.41
羽	   4	0.00	98.41
匪	   4	0.00	98.41
恰	   4	0.00	98.42
闹	   4	0.00	98.42
嫩	   4	0.00	98.42
掌	   4	0.00	98.43
捞	   4	0.00	98.43
绥	   4	0.00	98.43
敦	   4	0.00	98.44
措	   4	0.00	98.44
判	   4	0.00	98.44
莲	   4	0.00	98.45
剿	   4	0.00	98.45
颜	   4	0.00	98.45
粥	   4	0.00	98.45
噪	   4	0.00	98.46
酵	   4	0.00	98.46
醇	   4	0.00	98.46
ｍ	   4	0.00	98.47
＋	   4	0.00	98.47
悍	   4	0.00	98.47
徽	   4	0.00	98.48
烘	   4	0.00	98.48
窝	   4	0.00	98.48
磷	   4	0.00	98.49
膀	   3	0.00	98.49
奠	   3	0.00	98.49
寒	   3	0.00	98.49
辽	   3	0.00	98.50
秋	   3	0.00	98.50
乖	   3	0.00	98.50
馨	   3	0.00	98.50
炭	   3	0.00	98.50
俊	   3	0.00	98.51
昂	   3	0.00	98.51
亩	   3	0.00	98.51
摆	   3	0.00	98.51
嵌	   3	0.00	98.52
珊	   3	0.00	98.52
瑚	   3	0.00	98.52
珠	   3	0.00	98.52
坊	   3	0.00	98.53
晰	   3	0.00	98.53
豁	   3	0.00	98.53
逗	   3	0.00	98.53
２	   3	0.00	98.54
屈	   3	0.00	98.54
掺	   3	0.00	98.54
俞	   3	0.00	98.54
熊	   3	0.00	98.54
浑	   3	0.00	98.55
避	   3	0.00	98.55
仇	   3	0.00	98.55
羡	   3	0.00	98.55
仓	   3	0.00	98.56
栅	   3	0.00	98.56
氓	   3	0.00	98.56
衷	   3	0.00	98.56
敏	   3	0.00	98.57
洪	   3	0.00	98.57
菱	   3	0.00	98.57
账	   3	0.00	98.57
廉	   3	0.00	98.57
幼	   3	0.00	98.58
牵	   3	0.00	98.58
盟	   3	0.00	98.58
御	   3	0.00	98.58
岸	   3	0.00	98.59
伐	   3	0.00	98.59
吴	   3	0.00	98.59
绚	   3	0.00	98.59
棱	   3	0.00	98.60
匠	   3	0.00	98.60
铃	   3	0.00	98.60
殊	   3	0.00	98.60
舆	   3	0.00	98.61
秘	   3	0.00	98.61
烷	   3	0.00	98.61
弧	   3	0.00	98.61
揭	   3	0.00	98.61
誓	   3	0.00	98.62
芳	   3	0.00	98.62
沾	   3	0.00	98.62
涡	   3	0.00	98.62
硝	   3	0.00	98.63
盈	   3	0.00	98.63
拾	   3	0.00	98.63
胸	   3	0.00	98.63
柿	   3	0.00	98.64
杨	   3	0.00	98.64
钓	   3	0.00	98.64
呃	   3	0.00	98.64
迟	   3	0.00	98.64
個	   3	0.00	98.65
寺	   3	0.00	98.65
庙	   3	0.00	98.65
铺	   3	0.00	98.65
坨	   3	0.00	98.66
映	   3	0.00	98.66
诠	   3	0.00	98.66
宠	   3	0.00	98.66
浅	   3	0.00	98.67
摔	   3	0.00	98.67
糟	   3	0.00	98.67
攒	   3	0.00	98.67
擅	   3	0.00	98.68
裸	   3	0.00	98.68
宅	   3	0.00	98.68
拦	   3	0.00	98.68
媚	   3	0.00	98.68
呸	   3	0.00	98.69
渡	   3	0.00	98.69
猜	   3	0.00	98.69
忙	   3	0.00	98.69
捐	   3	0.00	98.70
矛	   3	0.00	98.70
甸	   3	0.00	98.70
趟	   3	0.00	98.70
怜	   3	0.00	98.71
叔	   3	0.00	98.71
爬	   3	0.00	98.71
赴	   3	0.00	98.71
廷	   3	0.00	98.71
梯	   3	0.00	98.72
谨	   3	0.00	98.72
蕾	   3	0.00	98.72
恳	   3	0.00	98.72
庄	   3	0.00	98.73
衰	   3	0.00	98.73
碍	   3	0.00	98.73
堵	   3	0.00	98.73
扰	   3	0.00	98.74
巍	   3	0.00	98.74
曹	   3	0.00	98.74
昆	   3	0.00	98.74
燥	   3	0.00	98.75
凝	   3	0.00	98.75
淀	   3	0.00	98.75
耀	   3	0.00	98.75
暂	   3	0.00	98.75
給	   3	0.00	98.76
涂	   3	0.00	98.76
蒂	   3	0.00	98.76
嫌	   3	0.00	98.76
牢	   3	0.00	98.77
笼	   3	0.00	98.77
诶	   3	0.00	98.77
雍	   3	0.00	98.77
屹	   3	0.00	98.78
們	   3	0.00	98.78
濮	   3	0.00	98.78
绵	   3	0.00	98.78
枚	   3	0.00	98.78
梅	   3	0.00	98.79
镶	   3	0.00	98.79
松	   3	0.00	98.79
辅	   3	0.00	98.79
灾	   3	0.00	98.80
咧	   3	0.00	98.80
灯	   3	0.00	98.80
煌	   3	0.00	98.80
稠	   3	0.00	98.81
召	   3	0.00	98.81
喵	   3	0.00	98.81
返	   3	0.00	98.81
魔	   3	0.00	98.82
撸	   3	0.00	98.82
筒	   3	0.00	98.82
赠	   3	0.00	98.82
履	   3	0.00	98.82
袜	   3	0.00	98.83
赐	   3	0.00	98.83
狙	   3	0.00	98.83
裙	   3	0.00	98.83
帕	   3	0.00	98.84
磨	   3	0.00	98.84
泽	   3	0.00	98.84
猫	   3	0.00	98.84
卓	   3	0.00	98.85
發	   3	0.00	98.85
岩	   3	0.00	98.85
跃	   3	0.00	98.85
守	   3	0.00	98.85
宵	   3	0.00	98.86
诬	   3	0.00	98.86
艰	   3	0.00	98.86
贺	   3	0.00	98.86
舌	   3	0.00	98.87
樱	   3	0.00	98.87
戚	   3	0.00	98.87
撞	   3	0.00	98.87
／	   3	0.00	98.88
氧	   3	0.00	98.88
岗	   3	0.00	98.88
馒	   3	0.00	98.88
飘	   3	0.00	98.89
呆	   3	0.00	98.89
胁	   3	0.00	98.89
濒	   3	0.00	98.89
饶	   3	0.00	98.89
蔽	   3	0.00	98.90
３	   3	0.00	98.90
７	   3	0.00	98.90
悬	   3	0.00	98.90
乏	   3	0.00	98.91
姨	   3	0.00	98.91
诗	   3	0.00	98.91
乃	   3	0.00	98.91
粹	   3	0.00	98.92
仿	   3	0.00	98.92
＜	   3	0.00	98.92
赚	   3	0.00	98.92
厘	   3	0.00	98.92
岂	   3	0.00	98.93
氨	   3	0.00	98.93
酯	   3	0.00	98.93
刃	   3	0.00	98.93
鄂	   3	0.00	98.94
庚	   3	0.00	98.94
钩	   3	0.00	98.94
慨	   3	0.00	98.94
私	   3	0.00	98.95
询	   3	0.00	98.95
唇	   3	0.00	98.95
窗	   3	0.00	98.95
後	   3	0.00	98.96
厨	   3	0.00	98.96
哒	   3	0.00	98.96
谎	   3	0.00	98.96
*	   3	0.00	98.96
擎	   3	0.00	98.97
蹭	   3	0.00	98.97
湿	   3	0.00	98.97
媳	   3	0.00	98.97
猖	   3	0.00	98.98
哭	   3	0.00	98.98
郭	   3	0.00	98.98
舔	   3	0.00	98.98
﹏	   3	0.00	98.99
＝	   3	0.00	98.99
躁	   3	0.00	98.99
狭	   3	0.00	98.99
偏	   3	0.00	99.00
囊	   3	0.00	99.00
牺	   3	0.00	99.00
牲	   3	0.00	99.00
莎	   3	0.00	99.00
拆	   3	0.00	99.01
崇	   3	0.00	99.01
髓	   3	0.00	99.01
筋	   3	0.00	99.01
沪	   3	0.00	99.02
嚯	   3	0.00	99.02
肝	   3	0.00	99.02
坡	   3	0.00	99.02
黔	   3	0.00	99.03
脉	   3	0.00	99.03
倦	   3	0.00	99.03
膛	   3	0.00	99.03
锏	   3	0.00	99.03
薇	   3	0.00	99.04
吻	   3	0.00	99.04
孝	   2	0.00	99.04
扮	   2	0.00	99.04
郎	   2	0.00	99.04
栽	   2	0.00	99.05
枭	   2	0.00	99.05
署	   2	0.00	99.05
祠	   2	0.00	99.05
愉	   2	0.00	99.05
溢	   2	0.00	99.05
犹	   2	0.00	99.05
肾	   2	0.00	99.06
嗓	   2	0.00	99.06
绪	   2	0.00	99.06
晒	   2	0.00	99.06
鳌	   2	0.00	99.06
憋	   2	0.00	99.06
兢	   2	0.00	99.07
盼	   2	0.00	99.07
拱	   2	0.00	99.07
娇	   2	0.00	99.07
炎	   2	0.00	99.07
為	   2	0.00	99.07
矩	   2	0.00	99.08
泊	   2	0.00	99.08
抿	   2	0.00	99.08
睛	   2	0.00	99.08
柏	   2	0.00	99.08
凰	   2	0.00	99.08
勃	   2	0.00	99.08
晖	   2	0.00	99.09
懒	   2	0.00	99.09
嵋	   2	0.00	99.09
é	   2	0.00	99.09
沃	   2	0.00	99.09
熠	   2	0.00	99.09
刁	   2	0.00	99.10
掠	   2	0.00	99.10
夹	   2	0.00	99.10
蔬	   2	0.00	99.10
烃	   2	0.00	99.10
唰	   2	0.00	99.10
亥	   2	0.00	99.10
闸	   2	0.00	99.11
券	   2	0.00	99.11
奏	   2	0.00	99.11
奉	   2	0.00	99.11
跌	   2	0.00	99.11
氮	   2	0.00	99.11
艹	   2	0.00	99.12
＊	   2	0.00	99.12
桐	   2	0.00	99.12
悟	   2	0.00	99.12
椒	   2	0.00	99.12
莉	   2	0.00	99.12
蔼	   2	0.00	99.13
瞎	   2	0.00	99.13
轧	   2	0.00	99.13
浸	   2	0.00	99.13
蟾	   2	0.00	99.13
壳	   2	0.00	99.13
蜂	   2	0.00	99.13
谴	   2	0.00	99.14
挨	   2	0.00	99.14
踢	   2	0.00	99.14
辞	   2	0.00	99.14
泼	   2	0.00	99.14
匙	   2	0.00	99.14
〒	   2	0.00	99.15
碴	   2	0.00	99.15
梭	   2	0.00	99.15
斜	   2	0.00	99.15
鸟	   2	0.00	99.15
肇	   2	0.00	99.15
诡	   2	0.00	99.15
掘	   2	0.00	99.16
盾	   2	0.00	99.16
铳	   2	0.00	99.16
踪	   2	0.00	99.16
拐	   2	0.00	99.16
贫	   2	0.00	99.16
缅	   2	0.00	99.17
兽	   2	0.00	99.17
饥	   2	0.00	99.17
沫	   2	0.00	99.17
伍	   2	0.00	99.17
舶	   2	0.00	99.17
蘑	   2	0.00	99.17
麽	   2	0.00	99.18
j	   2	0.00	99.18
淘	   2	0.00	99.18
裤	   2	0.00	99.18
滤	   2	0.00	99.18
檀	   2	0.00	99.18
遂	   2	0.00	99.19
掏	   2	0.00	99.19
沸	   2	0.00	99.19
榴	   2	0.00	99.19
仰	   2	0.00	99.19
溶	   2	0.00	99.19
尸	   2	0.00	99.20
茅	   2	0.00	99.20
婉	   2	0.00	99.20
纶	   2	0.00	99.20
寅	   2	0.00	99.20
欠	   2	0.00	99.20
糊	   2	0.00	99.20
犁	   2	0.00	99.21
弩	   2	0.00	99.21
椰	   2	0.00	99.21
炜	   2	0.00	99.21
褒	   2	0.00	99.21
迈	   2	0.00	99.21
饷	   2	0.00	99.22
靖	   2	0.00	99.22
昏	   2	0.00	99.22
惬	   2	0.00	99.22
變	   2	0.00	99.22
棕	   2	0.00	99.22
钻	   2	0.00	99.22
爪	   2	0.00	99.23
刹	   2	0.00	99.23
％	   2	0.00	99.23
邀	   2	0.00	99.23
睹	   2	0.00	99.23
岭	   2	0.00	99.23
搏	   2	0.00	99.24
隋	   2	0.00	99.24
蔡	   2	0.00	99.24
瓦	   2	0.00	99.24
嫁	   2	0.00	99.24
骑	   2	0.00	99.24
邻	   2	0.00	99.24
茵	   2	0.00	99.25
抹	   2	0.00	99.25
拇	   2	0.00	99.25
薯	   2	0.00	99.25
邦	   2	0.00	99.25
锻	   2	0.00	99.25
裝	   2	0.00	99.26
飕	   2	0.00	99.26
稿	   2	0.00	99.26
殖	   2	0.00	99.26
煮	   2	0.00	99.26
弄	   2	0.00	99.26
斋	   2	0.00	99.27
株	   2	0.00	99.27
蟹	   2	0.00	99.27
邓	   2	0.00	99.27
隧	   2	0.00	99.27
轉	   2	0.00	99.27
赋	   2	0.00	99.27
睐	   2	0.00	99.28
佢	   2	0.00	99.28
樽	   2	0.00	99.28
缆	   2	0.00	99.28
摧	   2	0.00	99.28
悚	   2	0.00	99.28
羞	   2	0.00	99.29
嫉	   2	0.00	99.29
妒	   2	0.00	99.29
溪	   2	0.00	99.29
枫	   2	0.00	99.29
艾	   2	0.00	99.29
脯	   2	0.00	99.29
昊	   2	0.00	99.30
芝	   2	0.00	99.30
叙	   2	0.00	99.30
艘	   2	0.00	99.30
憨	   2	0.00	99.30
佛	   2	0.00	99.30
闯	   2	0.00	99.31
躺	   2	0.00	99.31
庞	   2	0.00	99.31
屯	   2	0.00	99.31
晗	   2	0.00	99.31
Ｍ	   2	0.00	99.31
Ｋ	   2	0.00	99.31
畅	   2	0.00	99.32
祖	   2	0.00	99.32
搁	   2	0.00	99.32
宙	   2	0.00	99.32
冤	   2	0.00	99.32
枉	   2	0.00	99.32
骚	   2	0.00	99.33
睿	   2	0.00	99.33
佬	   2	0.00	99.33
炼	   2	0.00	99.33
戈	   2	0.00	99.33
叮	   2	0.00	99.33
嘱	   2	0.00	99.34
茫	   2	0.00	99.34
恬	   2	0.00	99.34
孕	   2	0.00	99.34
旨	   2	0.00	99.34
阎	   2	0.00	99.34
恒	   2	0.00	99.34
沁	   2	0.00	99.35
腔	   2	0.00	99.35
勾	   2	0.00	99.35
怨	   2	0.00	99.35
析	   2	0.00	99.35
漠	   2	0.00	99.35
倡	   2	0.00	99.36
灶	   2	0.00	99.36
兹	   2	0.00	99.36
侣	   2	0.00	99.36
腰	   2	0.00	99.36
侈	   2	0.00	99.36
剥	   2	0.00	99.36
氯	   2	0.00	99.37
瘾	   2	0.00	99.37
瓣	   2	0.00	99.37
钮	   2	0.00	99.37
凹	   2	0.00	99.37
敛	   2	0.00	99.37
脖	   2	0.00	99.38
凄	   2	0.00	99.38
愚	   2	0.00	99.38
氙	   2	0.00	99.38
浇	   2	0.00	99.38
嫦	   2	0.00	99.38
娥	   2	0.00	99.39
袖	   2	0.00	99.39
扣	   2	0.00	99.39
仨	   2	0.00	99.39
拎	   2	0.00	99.39
填	   2	0.00	99.39
≥	   2	0.00	99.39
≤	   2	0.00	99.40
崩	   2	0.00	99.40
溃	   2	0.00	99.40
脏	   2	0.00	99.40
<	   2	0.00	99.40
>	   2	0.00	99.40
砾	   2	0.00	99.41
恕	   2	0.00	99.41
涯	   2	0.00	99.41
桩	   2	0.00	99.41
實	   2	0.00	99.41
茨	   2	0.00	99.41
玲	   2	0.00	99.41
焚	   2	0.00	99.42
蚀	   2	0.00	99.42
芒	   2	0.00	99.42
寿	   2	0.00	99.42
Ｇ	   2	0.00	99.42
幅	   2	0.00	99.42
拙	   2	0.00	99.43
浆	   2	0.00	99.43
抱	   2	0.00	99.43
Ａ	   2	0.00	99.43
Ｒ	   2	0.00	99.43
衬	   2	0.00	99.43
鉴	   2	0.00	99.43
驴	   2	0.00	99.44
酥	   2	0.00	99.44
脊	   2	0.00	99.44
贤	   2	0.00	99.44
渔	   2	0.00	99.44
蜗	   2	0.00	99.44
仙	   2	0.00	99.45
痴	   2	0.00	99.45
氟	   2	0.00	99.45
秉	   2	0.00	99.45
這	   2	0.00	99.45
彪	   2	0.00	99.45
申	   2	0.00	99.46
卑	   2	0.00	99.46
吵	   2	0.00	99.46
矢	   2	0.00	99.46
栈	   2	0.00	99.46
辣	   2	0.00	99.46
屋	   2	0.00	99.46
泱	   2	0.00	99.47
酚	   2	0.00	99.47
丙	   2	0.00	99.47
帜	   2	0.00	99.47
瞧	   2	0.00	99.47
厢	   2	0.00	99.47
\	   2	0.00	99.48
陵	   2	0.00	99.48
撑	   2	0.00	99.48
钿	   2	0.00	99.48
钗	   2	0.00	99.48
吱	   2	0.00	99.48
卤	   2	0.00	99.48
敷	   2	0.00	99.49
扒	   2	0.00	99.49
╯	   2	0.00	99.49
╰	   2	0.00	99.49
蔓	   2	0.00	99.49
兩	   2	0.00	99.49
憾	   2	0.00	99.50
ω	   2	0.00	99.50
跻	   2	0.00	99.50
朔	   2	0.00	99.50
趋	   2	0.00	99.50
缓	   2	0.00	99.50
揉	   2	0.00	99.50
椹	   2	0.00	99.51
狮	   2	0.00	99.51
涕	   2	0.00	99.51
兖	   2	0.00	99.51
裴	   2	0.00	99.51
狱	   2	0.00	99.51
檵	   2	0.00	99.52
黎	   2	0.00	99.52
∩	   2	0.00	99.52
讽	   1	0.00	99.52
斟	   1	0.00	99.52
阁	   1	0.00	99.52
臣	   1	0.00	99.52
藤	   1	0.00	99.52
Ⅱ	   1	0.00	99.52
泄	   1	0.00	99.52
暨	   1	0.00	99.53
肖	   1	0.00	99.53
機	   1	0.00	99.53
弊	   1	0.00	99.53
煽	   1	0.00	99.53
悦	   1	0.00	99.53
契	   1	0.00	99.53
腊	   1	0.00	99.53
瑙	   1	0.00	99.53
嵊	   1	0.00	99.53
岔	   1	0.00	99.53
喱	   1	0.00	99.53
捡	   1	0.00	99.53
鸽	   1	0.00	99.54
漓	   1	0.00	99.54
竖	   1	0.00	99.54
灼	   1	0.00	99.54
劑	   1	0.00	99.54
嗎	   1	0.00	99.54
愁	   1	0.00	99.54
霍	   1	0.00	99.54
诙	   1	0.00	99.54
祐	   1	0.00	99.54
囧	   1	0.00	99.54
葱	   1	0.00	99.54
峨	   1	0.00	99.54
ì	   1	0.00	99.55
疏	   1	0.00	99.55
翰	   1	0.00	99.55
宛	   1	0.00	99.55
滔	   1	0.00	99.55
淫	   1	0.00	99.55
巅	   1	0.00	99.55
缐	   1	0.00	99.55
撼	   1	0.00	99.55
冶	   1	0.00	99.55
妄	   1	0.00	99.55
饯	   1	0.00	99.55
畴	   1	0.00	99.55
贷	   1	0.00	99.56
埃	   1	0.00	99.56
漩	   1	0.00	99.56
蛾	   1	0.00	99.56
︶	   1	0.00	99.56
庶	   1	0.00	99.56
瑶	   1	0.00	99.56
牟	   1	0.00	99.56
卉	   1	0.00	99.56
梨	   1	0.00	99.56
柚	   1	0.00	99.56
茄	   1	0.00	99.56
馅	   1	0.00	99.56
茉	   1	0.00	99.57
栗	   1	0.00	99.57
戟	   1	0.00	99.57
贼	   1	0.00	99.57
渍	   1	0.00	99.57
辊	   1	0.00	99.57
卒	   1	0.00	99.57
噻	   1	0.00	99.57
蜍	   1	0.00	99.57
诸	   1	0.00	99.57
妖	   1	0.00	99.57
骆	   1	0.00	99.57
驼	   1	0.00	99.57
莅	   1	0.00	99.58
缀	   1	0.00	99.58
砰	   1	0.00	99.58
傍	   1	0.00	99.58
滥	   1	0.00	99.58
幌	   1	0.00	99.58
钥	   1	0.00	99.58
夕	   1	0.00	99.58
珉	   1	0.00	99.58
	   1	0.00	99.58
寄	   1	0.00	99.58
袱	   1	0.00	99.58
夯	   1	0.00	99.59
谄	   1	0.00	99.59
迥	   1	0.00	99.59
亨	   1	0.00	99.59
帖	   1	0.00	99.59
扎	   1	0.00	99.59
挖	   1	0.00	99.59
迭	   1	0.00	99.59
尉	   1	0.00	99.59
伸	   1	0.00	99.59
隅	   1	0.00	99.59
榆	   1	0.00	99.59
滇	   1	0.00	99.59
濡	   1	0.00	99.60
篆	   1	0.00	99.60
蹲	   1	0.00	99.60
凳	   1	0.00	99.60
辐	   1	0.00	99.60
烨	   1	0.00	99.60
篇	   1	0.00	99.60
汪	   1	0.00	99.60
歼	   1	0.00	99.60
敞	   1	0.00	99.60
宪	   1	0.00	99.60
搪	   1	0.00	99.60
俘	   1	0.00	99.60
虏	   1	0.00	99.61
屉	   1	0.00	99.61
挪	   1	0.00	99.61
阔	   1	0.00	99.61
梳	   1	0.00	99.61
ā	   1	0.00	99.61
ò	   1	0.00	99.61
宴	   1	0.00	99.61
肺	   1	0.00	99.61
撤	   1	0.00	99.61
烽	   1	0.00	99.61
婷	   1	0.00	99.61
雯	   1	0.00	99.61
婕	   1	0.00	99.62
梃	   1	0.00	99.62
腈	   1	0.00	99.62
肆	   1	0.00	99.62
忌	   1	0.00	99.62
惮	   1	0.00	99.62
慈	   1	0.00	99.62
狩	   1	0.00	99.62
猎	   1	0.00	99.62
診	   1	0.00	99.62
斷	   1	0.00	99.62
錯	   1	0.00	99.62
佐	   1	0.00	99.62
缶	   1	0.00	99.63
侔	   1	0.00	99.63
徘	   1	0.00	99.63
徊	   1	0.00	99.63
挞	   1	0.00	99.63
逮	   1	0.00	99.63
薪	   1	0.00	99.63
雇	   1	0.00	99.63
佣	   1	0.00	99.63
摊	   1	0.00	99.63
斥	   1	0.00	99.63
滕	   1	0.00	99.63
庸	   1	0.00	99.63
熜	   1	0.00	99.64
淮	   1	0.00	99.64
逃	   1	0.00	99.64
殿	   1	0.00	99.64
咒	   1	0.00	99.64
睁	   1	0.00	99.64
芋	   1	0.00	99.64
幽	   1	0.00	99.64
會	   1	0.00	99.64
終	   1	0.00	99.64
許	   1	0.00	99.64
閨	   1	0.00	99.64
網	   1	0.00	99.65
絡	   1	0.00	99.65
漾	   1	0.00	99.65
巷	   1	0.00	99.65
绢	   1	0.00	99.65
绸	   1	0.00	99.65
碑	   1	0.00	99.65
翟	   1	0.00	99.65
媲	   1	0.00	99.65
迄	   1	0.00	99.65
啼	   1	0.00	99.65
蟑	   1	0.00	99.65
螂	   1	0.00	99.65
哑	   1	0.00	99.66
锷	   1	0.00	99.66
馈	   1	0.00	99.66
【	   1	0.00	99.66
】	   1	0.00	99.66
泻	   1	0.00	99.66
苜	   1	0.00	99.66
蓿	   1	0.00	99.66
酶	   1	0.00	99.66
炖	   1	0.00	99.66
杜	   1	0.00	99.66
虾	   1	0.00	99.66
赫	   1	0.00	99.66
兜	   1	0.00	99.67
遮	   1	0.00	99.67
帘	   1	0.00	99.67
褥	   1	0.00	99.67
逝	   1	0.00	99.67
[	   1	0.00	99.67
痹	   1	0.00	99.67
龄	   1	0.00	99.67
涌	   1	0.00	99.67
爵	   1	0.00	99.67
韧	   1	0.00	99.67
辰	   1	0.00	99.67
儒	   1	0.00	99.67
荧	   1	0.00	99.68
鸦	   1	0.00	99.68
函	   1	0.00	99.68
锗	   1	0.00	99.68
鈤	   1	0.00	99.68
稍	   1	0.00	99.68
莹	   1	0.00	99.68
鹅	   1	0.00	99.68
舅	   1	0.00	99.68
瞠	   1	0.00	99.68
咁	   1	0.00	99.68
啰	   1	0.00	99.68
換	   1	0.00	99.68
捉	   1	0.00	99.69
乙	   1	0.00	99.69
崭	   1	0.00	99.69
攀	   1	0.00	99.69
鸿	   1	0.00	99.69
氛	   1	0.00	99.69
弦	   1	0.00	99.69
鳞	   1	0.00	99.69
螺	   1	0.00	99.69
蜡	   1	0.00	99.69
堑	   1	0.00	99.69
墩	   1	0.00	99.69
枨	   1	0.00	99.69
羲	   1	0.00	99.70
摹	   1	0.00	99.70
楷	   1	0.00	99.70
颂	   1	0.00	99.70
绎	   1	0.00	99.70
吕	   1	0.00	99.70
洼	   1	0.00	99.70
黍	   1	0.00	99.70
妞	   1	0.00	99.70
禄	   1	0.00	99.70
吾	   1	0.00	99.70
苔	   1	0.00	99.70
婚	   1	0.00	99.70
劈	   1	0.00	99.71
暑	   1	0.00	99.71
蹈	   1	0.00	99.71
辙	   1	0.00	99.71
栋	   1	0.00	99.71
菠	   1	0.00	99.71
Ｓ	   1	0.00	99.71
Ｖ	   1	0.00	99.71
簧	   1	0.00	99.71
扭	   1	0.00	99.71
芭	   1	0.00	99.71
弗	   1	0.00	99.71
暮	   1	0.00	99.72
尘	   1	0.00	99.72
攘	   1	0.00	99.72
邯	   1	0.00	99.72
怂	   1	0.00	99.72
眶	   1	0.00	99.72
唤	   1	0.00	99.72
潭	   1	0.00	99.72
昼	   1	0.00	99.72
晦	   1	0.00	99.72
箔	   1	0.00	99.72
蜷	   1	0.00	99.72
毙	   1	0.00	99.72
症	   1	0.00	99.73
粤	   1	0.00	99.73
谣	   1	0.00	99.73
镔	   1	0.00	99.73
丈	   1	0.00	99.73
蛇	   1	0.00	99.73
Ⅰ	   1	0.00	99.73
囖	   1	0.00	99.73
熔	   1	0.00	99.73
蜚	   1	0.00	99.73
狄	   1	0.00	99.73
谦	   1	0.00	99.73
恃	   1	0.00	99.73
晏	   1	0.00	99.74
寨	   1	0.00	99.74
顽	   1	0.00	99.74
『	   1	0.00	99.74
』	   1	0.00	99.74
掐	   1	0.00	99.74
铢	   1	0.00	99.74
勘	   1	0.00	99.74
怠	   1	0.00	99.74
淆	   1	0.00	99.74
搅	   1	0.00	99.74
蔑	   1	0.00	99.74
嗤	   1	0.00	99.74
汞	   1	0.00	99.75
膏	   1	0.00	99.75
帆	   1	0.00	99.75
闽	   1	0.00	99.75
僻	   1	0.00	99.75
烹	   1	0.00	99.75
饪	   1	0.00	99.75
遥	   1	0.00	99.75
陋	   1	0.00	99.75
租	   1	0.00	99.75
窄	   1	0.00	99.75
豚	   1	0.00	99.75
韶	   1	0.00	99.75
唏	   1	0.00	99.76
嘘	   1	0.00	99.76
稚	   1	0.00	99.76
轩	   1	0.00	99.76
熙	   1	0.00	99.76
４	   1	0.00	99.76
跪	   1	0.00	99.76
孽	   1	0.00	99.76
伢	   1	0.00	99.76
螃	   1	0.00	99.76
笠	   1	0.00	99.76
揽	   1	0.00	99.76
羚	   1	0.00	99.76
喻	   1	0.00	99.77
捏	   1	0.00	99.77
垄	   1	0.00	99.77
酋	   1	0.00	99.77
挟	   1	0.00	99.77
兔	   1	0.00	99.77
炅	   1	0.00	99.77
奕	   1	0.00	99.77
侃	   1	0.00	99.77
渊	   1	0.00	99.77
肤	   1	0.00	99.77
國	   1	0.00	99.77
業	   1	0.00	99.78
蛆	   1	0.00	99.78
靡	   1	0.00	99.78
坟	   1	0.00	99.78
彼	   1	0.00	99.78
铸	   1	0.00	99.78
侮	   1	0.00	99.78
讼	   1	0.00	99.78
痒	   1	0.00	99.78
帐	   1	0.00	99.78
#	   1	0.00	99.78
惟	   1	0.00	99.78
掷	   1	0.00	99.78
垓	   1	0.00	99.79
虹	   1	0.00	99.79
渠	   1	0.00	99.79
蝇	   1	0.00	99.79
葫	   1	0.00	99.79
呷	   1	0.00	99.79
哺	   1	0.00	99.79
薩	   1	0.00	99.79
過	   1	0.00	99.79
話	   1	0.00	99.79
說	   1	0.00	99.79
矫	   1	0.00	99.79
漱	   1	0.00	99.79
刮	   1	0.00	99.80
厕	   1	0.00	99.80
柯	   1	0.00	99.80
逾	   1	0.00	99.80
郊	   1	0.00	99.80
▽	   1	0.00	99.80
喇	   1	0.00	99.80
瞌	   1	0.00	99.80
皿	   1	0.00	99.80
Ｂ	   1	0.00	99.80
斧	   1	0.00	99.80
诈	   1	0.00	99.80
褂	   1	0.00	99.80
眩	   1	0.00	99.81
於	   1	0.00	99.81
嘲	   1	0.00	99.81
塌	   1	0.00	99.81
廓	   1	0.00	99.81
框	   1	0.00	99.81
肃	   1	0.00	99.81
抛	   1	0.00	99.81
８	   1	0.00	99.81
姜	   1	0.00	99.81
煎	   1	0.00	99.81
呗	   1	0.00	99.81
呕	   1	0.00	99.81
凿	   1	0.00	99.82
焗	   1	0.00	99.82
丛	   1	0.00	99.82
畏	   1	0.00	99.82
嚒	   1	0.00	99.82
]	   1	0.00	99.82
泵	   1	0.00	99.82
咬	   1	0.00	99.82
硚	   1	0.00	99.82
谊	   1	0.00	99.82
循	   1	0.00	99.82
抨	   1	0.00	99.82
弥	   1	0.00	99.82
彰	   1	0.00	99.83
伞	   1	0.00	99.83
糯	   1	0.00	99.83
吋	   1	0.00	99.83
忐	   1	0.00	99.83
忑	   1	0.00	99.83
谛	   1	0.00	99.83
莞	   1	0.00	99.83
藿	   1	0.00	99.83
魂	   1	0.00	99.83
忒	   1	0.00	99.83
胗	   1	0.00	99.83
抒	   1	0.00	99.83
焕	   1	0.00	99.84
℃	   1	0.00	99.84
邢	   1	0.00	99.84
坤	   1	0.00	99.84
翘	   1	0.00	99.84
澜	   1	0.00	99.84
仲	   1	0.00	99.84
奴	   1	0.00	99.84
井	   1	0.00	99.84
殆	   1	0.00	99.84
磕	   1	0.00	99.84
詹	   1	0.00	99.84
杉	   1	0.00	99.85
矶	   1	0.00	99.85
竭	   1	0.00	99.85
舟	   1	0.00	99.85
時	   1	0.00	99.85
藥	   1	0.00	99.85
輕	   1	0.00	99.85
遐	   1	0.00	99.85
喀	   1	0.00	99.85
阜	   1	0.00	99.85
磡	   1	0.00	99.85
彤	   1	0.00	99.85
哲	   1	0.00	99.85
茹	   1	0.00	99.86
甫	   1	0.00	99.86
殷	   1	0.00	99.86
炊	   1	0.00	99.86
砒	   1	0.00	99.86
霜	   1	0.00	99.86
锥	   1	0.00	99.86
麼	   1	0.00	99.86
搓	   1	0.00	99.86
孺	   1	0.00	99.86
蓉	   1	0.00	99.86
﹐	   1	0.00	99.86
東	   1	0.00	99.86
苑	   1	0.00	99.87
浴	   1	0.00	99.87
羟	   1	0.00	99.87
苯	   1	0.00	99.87
陇	   1	0.00	99.87
纺	   1	0.00	99.87
馏	   1	0.00	99.87
埋	   1	0.00	99.87
荔	   1	0.00	99.87
肌	   1	0.00	99.87
煞	   1	0.00	99.87
肘	   1	0.00	99.87
虐	   1	0.00	99.87
昧	   1	0.00	99.88
鹞	   1	0.00	99.88
舱	   1	0.00	99.88
盯	   1	0.00	99.88
遣	   1	0.00	99.88
畔	   1	0.00	99.88
玄	   1	0.00	99.88
贮	   1	0.00	99.88
拯	   1	0.00	99.88
削	   1	0.00	99.88
趁	   1	0.00	99.88
堡	   1	0.00	99.88
蝴	   1	0.00	99.88
蝶	   1	0.00	99.89
儆	   1	0.00	99.89
披	   1	0.00	99.89
捧	   1	0.00	99.89
韵	   1	0.00	99.89
簪	   1	0.00	99.89
娜	   1	0.00	99.89
臻	   1	0.00	99.89
硫	   1	0.00	99.89
稻	   1	0.00	99.89
桁	   1	0.00	99.89
飯	   1	0.00	99.89
營	   1	0.00	99.89
養	   1	0.00	99.90
诫	   1	0.00	99.90
溴	   1	0.00	99.90
醉	   1	0.00	99.90
蒺	   1	0.00	99.90
藜	   1	0.00	99.90
弓	   1	0.00	99.90
桠	   1	0.00	99.90
裹	   1	0.00	99.90
丸	   1	0.00	99.90
椭	   1	0.00	99.90
钣	   1	0.00	99.90
粪	   1	0.00	99.91
剽	   1	0.00	99.91
衍	   1	0.00	99.91
茎	   1	0.00	99.91
╭	   1	0.00	99.91
╮	   1	0.00	99.91
彊	   1	0.00	99.91
聋	   1	0.00	99.91
灌	   1	0.00	99.91
豌	   1	0.00	99.91
贞	   1	0.00	99.91
窦	   1	0.00	99.91
雉	   1	0.00	99.91
绫	   1	0.00	99.92
炫	   1	0.00	99.92
缛	   1	0.00	99.92
飲	   1	0.00	99.92
盗	   1	0.00	99.92
鞭	   1	0.00	99.92
侖	   1	0.00	99.92
蘇	   1	0.00	99.92
點	   1	0.00	99.92
寶	   1	0.00	99.92
餅	   1	0.00	99.92
蘋	   1	0.00	99.92
讓	   1	0.00	99.92
絕	   1	0.00	99.93
該	   1	0.00	99.93
樣	   1	0.00	99.93
＆	   1	0.00	99.93
恼	   1	0.00	99.93
拽	   1	0.00	99.93
冈	   1	0.00	99.93
琢	   1	0.00	99.93
桔	   1	0.00	99.93
忻	   1	0.00	99.93
毗	   1	0.00	99.93
壤	   1	0.00	99.93
斑	   1	0.00	99.93
斓	   1	0.00	99.94
摘	   1	0.00	99.94
撕	   1	0.00	99.94
懈	   1	0.00	99.94
孤	   1	0.00	99.94
眞	   1	0.00	99.94
氣	   1	0.00	99.94
哞	   1	0.00	99.94
倚	   1	0.00	99.94
竹	   1	0.00	99.94
罕	   1	0.00	99.94
斩	   1	0.00	99.94
枯	   1	0.00	99.94
朽	   1	0.00	99.95
蜿	   1	0.00	99.95
蜒	   1	0.00	99.95
峻	   1	0.00	99.95
珑	   1	0.00	99.95
扑	   1	0.00	99.95
□	   1	0.00	99.95
匡	   1	0.00	99.95
曳	   1	0.00	99.95
昔	   1	0.00	99.95
Ⅲ	   1	0.00	99.95
潢	   1	0.00	99.95
拂	   1	0.00	99.95
菻	   1	0.00	99.96
寝	   1	0.00	99.96
峦	   1	0.00	99.96
隙	   1	0.00	99.96
徒	   1	0.00	99.96
冯	   1	0.00	99.96
祥	   1	0.00	99.96
铂	   1	0.00	99.96
贬	   1	0.00	99.96
喧	   1	0.00	99.96
哗	   1	0.00	99.96
挠	   1	0.00	99.96
耕	   1	0.00	99.96
栖	   1	0.00	99.97
叁	   1	0.00	99.97
讫	   1	0.00	99.97
秩	   1	0.00	99.97
粘	   1	0.00	99.97
薰	   1	0.00	99.97
臼	   1	0.00	99.97
選	   1	0.00	99.97
燏	   1	0.00	99.97
棻	   1	0.00	99.97
筷	   1	0.00	99.97
番	   1	0.00	99.97
禺	   1	0.00	99.98
押	   1	0.00	99.98
瘫	   1	0.00	99.98
痪	   1	0.00	99.98
稣	   1	0.00	99.98
桎	   1	0.00	99.98
撇	   1	0.00	99.98
吆	   1	0.00	99.98
涛	   1	0.00	99.98
蚌	   1	0.00	99.98
埠	   1	0.00	99.98
夷	   1	0.00	99.98
泠	   1	0.00	99.98
匣	   1	0.00	99.99
蹋	   1	0.00	99.99
蒽	   1	0.00	99.99
谬	   1	0.00	99.99
瞻	   1	0.00	99.99
桨	   1	0.00	99.99
舵	   1	0.00	99.99
齿	   1	0.00	99.99
惰	   1	0.00	99.99
氖	   1	0.00	99.99
膨	   1	0.00	99.99
胀	   1	0.00	99.99
滘	   1	0.00	99.99
萃	   1	0.00	100.00
漳	   1	0.00	100.00
纬	   1	0.00	100.00
靓	   1	0.00	100.00
绌	   1	0.00	100.00
奢	   1	0.00	100.00
啃	   1	0.00	100.00
