长度	频数	百分比	累计
   2	   1	0.03	0.03
   4	  18	0.60	0.63
   5	  19	0.63	1.27
   6	  46	1.53	2.80
   7	  57	1.90	4.70
   8	  63	2.10	6.80
   9	  23	0.77	7.57
  10	  41	1.37	8.93
  11	  43	1.43	10.37
  12	  46	1.53	11.90
  13	  45	1.50	13.40
  14	  48	1.60	15.00
  15	  65	2.17	17.17
  16	  49	1.63	18.80
  17	  61	2.03	20.83
  18	  58	1.93	22.77
  19	  64	2.13	24.90
  20	  73	2.43	27.33
  21	  72	2.40	29.73
  22	  84	2.80	32.53
  23	  57	1.90	34.43
  24	  68	2.27	36.70
  25	  35	1.17	37.87
  26	  58	1.93	39.80
  27	  48	1.60	41.40
  28	  53	1.77	43.17
  29	  47	1.57	44.73
  30	  55	1.83	46.57
  31	  35	1.17	47.73
  32	  60	2.00	49.73
  33	  38	1.27	51.00
  34	  27	0.90	51.90
  35	  35	1.17	53.07
  36	  32	1.07	54.13
  37	  32	1.07	55.20
  38	  27	0.90	56.10
  39	  34	1.13	57.23
  40	  33	1.10	58.33
  41	  31	1.03	59.37
  42	  39	1.30	60.67
  43	  37	1.23	61.90
  44	  21	0.70	62.60
  45	  28	0.93	63.53
  46	  26	0.87	64.40
  47	  24	0.80	65.20
  48	  29	0.97	66.17
  49	  34	1.13	67.30
  50	  29	0.97	68.27
  51	  20	0.67	68.93
  52	  27	0.90	69.83
  53	  20	0.67	70.50
  54	  23	0.77	71.27
  55	  19	0.63	71.90
  56	  26	0.87	72.77
  57	  24	0.80	73.57
  58	  24	0.80	74.37
  59	  20	0.67	75.03
  60	  31	1.03	76.07
  61	  14	0.47	76.53
  62	  16	0.53	77.07
  63	  30	1.00	78.07
  64	  29	0.97	79.03
  65	  18	0.60	79.63
  66	  26	0.87	80.50
  67	  17	0.57	81.07
  68	  21	0.70	81.77
  69	  16	0.53	82.30
  70	  20	0.67	82.97
  71	  14	0.47	83.43
  72	  16	0.53	83.97
  73	  11	0.37	84.33
  74	  17	0.57	84.90
  75	  11	0.37	85.27
  76	   9	0.30	85.57
  77	  14	0.47	86.03
  78	  11	0.37	86.40
  79	  20	0.67	87.07
  80	  20	0.67	87.73
  81	  14	0.47	88.20
  82	   9	0.30	88.50
  83	  13	0.43	88.93
  84	  12	0.40	89.33
  85	   7	0.23	89.57
  86	   7	0.23	89.80
  87	   9	0.30	90.10
  88	  10	0.33	90.43
  89	   8	0.27	90.70
  90	  13	0.43	91.13
  91	  10	0.33	91.47
  92	   7	0.23	91.70
  93	  12	0.40	92.10
  94	   9	0.30	92.40
  95	  14	0.47	92.87
  96	   6	0.20	93.07
  97	   7	0.23	93.30
  98	   6	0.20	93.50
  99	   6	0.20	93.70
 100	   6	0.20	93.90
 101	   6	0.20	94.10
 102	   5	0.17	94.27
 103	   5	0.17	94.43
 104	  11	0.37	94.80
 105	   4	0.13	94.93
 106	   6	0.20	95.13
 107	   4	0.13	95.27
 108	   3	0.10	95.37
 109	   4	0.13	95.50
 110	   3	0.10	95.60
 111	   5	0.17	95.77
 112	   7	0.23	96.00
 113	   5	0.17	96.17
 114	   4	0.13	96.30
 115	   3	0.10	96.40
 116	   1	0.03	96.43
 117	   4	0.13	96.57
 118	   2	0.07	96.63
 119	   5	0.17	96.80
 120	   1	0.03	96.83
 121	   6	0.20	97.03
 122	   1	0.03	97.07
 123	   3	0.10	97.17
 124	   2	0.07	97.23
 125	   3	0.10	97.33
 126	   2	0.07	97.40
 127	   3	0.10	97.50
 128	   3	0.10	97.60
 129	   4	0.13	97.73
 130	   3	0.10	97.83
 131	   2	0.07	97.90
 132	   2	0.07	97.97
 133	   2	0.07	98.03
 134	   2	0.07	98.10
 135	   6	0.20	98.30
 136	   4	0.13	98.43
 137	   4	0.13	98.57
 138	   1	0.03	98.60
 139	   2	0.07	98.67
 140	   7	0.23	98.90
 141	   2	0.07	98.97
 142	   2	0.07	99.03
 143	   2	0.07	99.10
 144	   4	0.13	99.23
 145	   1	0.03	99.27
 146	   2	0.07	99.33
 147	   1	0.03	99.37
 149	   1	0.03	99.40
 152	   1	0.03	99.43
 154	   1	0.03	99.47
 158	   2	0.07	99.53
 165	   1	0.03	99.57
 166	   1	0.03	99.60
 169	   1	0.03	99.63
 171	   1	0.03	99.67
 180	   1	0.03	99.70
 183	   1	0.03	99.73
 195	   1	0.03	99.77
 207	   1	0.03	99.80
 209	   1	0.03	99.83
 214	   1	0.03	99.87
 225	   1	0.03	99.90
 237	   1	0.03	99.93
 242	   1	0.03	99.97
 249	   1	0.03	100.00
